time step	time (yr)	temp (°C)	Al eqm CAR (mol/cm^3)	Al in CAR (mol)	Al in CAP (mol)	Al in fluid (mol)	CAR (g)	CAP (g)	numPorph	Mean rxn aff (kJ/mol)
0	0	450.000000	5.60002e-07	0.0044627	0	3.01529e-05	0.923045	0	0	8.20915e-05
12500	250000	452.500000	5.66942e-07	0.00446232	0	3.05266e-05	0.922967	0	0	0.282447
25000	500000	455.000000	5.73927e-07	0.00446195	0	3.09027e-05	0.92289	0	0	0.565159
37500	750000	457.500000	5.80959e-07	0.00446157	0	3.12813e-05	0.922811	0	0	0.848215
50000	1000000	460.000000	5.88037e-07	0.00446119	0	3.16624e-05	0.922732	0	0	1.13161
62500	1250000	462.500000	5.9516e-07	0.00446081	0	3.2046e-05	0.922653	0	0	1.41535
75000	1500000	465.000000	6.02329e-07	0.00446042	0	3.2432e-05	0.922573	0	0	1.69942
87500	1750000	467.500000	6.09545e-07	0.00446003	0	3.28205e-05	0.922493	0	0	1.98382
100000	2000000	470.000000	6.16805e-07	0.00445964	0	3.32114e-05	0.922412	0	0	2.26855
112500	2250000	472.500000	6.24112e-07	0.00445925	0	3.36048e-05	0.922331	0	0	2.55361
125000	2500000	475.000000	6.31464e-07	0.00445885	0	3.40007e-05	0.922249	0	0	2.83899
137500	2750000	477.500000	6.38861e-07	0.00445845	0	3.4399e-05	0.922166	0	0	3.1247
150000	3000000	480.000000	6.46304e-07	0.00445805	0	3.47997e-05	0.922083	0	0	3.41072
162500	3250000	482.500000	6.53792e-07	0.00445765	0	3.52029e-05	0.922	0	0	3.69706
175000	3500000	485.000000	6.61325e-07	0.00445724	0	3.56085e-05	0.921916	0	0	3.98372
187500	3750000	487.500000	6.68903e-07	0.00445683	0	3.60166e-05	0.921832	0	0	4.27068
200000	4000000	490.000000	6.76526e-07	0.00445642	0	3.64271e-05	0.921747	0	0	4.55796
212500	4250000	492.500000	6.84194e-07	0.00445601	0	3.68399e-05	0.921661	0	0	4.84554
225000	4500000	495.000000	6.91907e-07	0.0044556	0	3.72552e-05	0.921576	0	0	5.13342
237500	4750000	497.500000	6.99665e-07	0.00445518	0	3.76729e-05	0.921489	0	0	5.42161
250000	5000000	500.000000	7.07467e-07	0.00445476	0	3.8093e-05	0.921402	0	0	5.71009
262500	5250000	502.500000	7.15314e-07	0.00445434	0	3.85155e-05	0.921315	0	0	5.99887
275000	5500000	505.000000	7.23205e-07	0.00445391	0	3.89404e-05	0.921227	0	0	6.28795
287500	5750000	507.500000	7.31141e-07	0.00445348	0	3.93677e-05	0.921139	0	0	6.57731
300000	6000000	510.000000	7.3912e-07	0.00445297	4.01561e-08	3.97974e-05	0.921032	7.92496e-06	1	6.86696
312500	6250000	512.500000	7.47144e-07	0.00445189	3.36853e-07	4.02293e-05	0.920809	6.64793e-05	2	7.15686
325000	6500000	515.000000	7.55212e-07	0.00445086	7.57957e-07	4.06635e-05	0.920595	0.000149586	3	7.4469
337500	6750000	517.500000	7.63324e-07	0.0044495	1.43665e-06	4.11001e-05	0.920315	0.000283529	3	7.73732
350000	7000000	520.000000	7.71479e-07	0.00444771	2.6035e-06	4.15385e-05	0.919944	0.000513811	5	8.02766
362500	7250000	522.500000	7.79679e-07	0.00444439	4.73852e-06	4.19789e-05	0.919259	0.000935166	7	8.31802
375000	7500000	525.000000	7.87921e-07	0.00443905	8.53026e-06	4.24208e-05	0.918152	0.00168348	12	8.6082
387500	7750000	527.500000	7.96208e-07	0.00443075	1.50661e-05	4.28632e-05	0.916436	0.00297336	17	8.89742
400000	8000000	530.000000	8.04537e-07	0.00441696	2.64339e-05	4.33052e-05	0.913585	0.00521683	24	9.18523
412500	8250000	532.500000	8.1291e-07	0.00439657	4.43804e-05	4.3746e-05	0.909368	0.00875865	31	9.47117
425000	8500000	535.000000	8.21326e-07	0.00436539	7.25931e-05	4.41821e-05	0.902918	0.0143265	40	9.75308
437500	8750000	535.000000	8.21326e-07	0.00432137	0.000113661	4.41578e-05	0.893813	0.0224315	51	9.738
450000	9000000	535.000000	8.21326e-07	0.00426518	0.000167538	4.41246e-05	0.88219	0.0330643	59	9.71728
462500	9250000	535.000000	8.21326e-07	0.00419301	0.000236379	4.40829e-05	0.867263	0.0466503	74	9.69128
475000	9500000	535.000000	8.21326e-07	0.00410083	0.000324222	4.40265e-05	0.848197	0.0639864	89	9.65608
487500	9750000	535.000000	8.21326e-07	0.00398832	0.000432603	4.39538e-05	0.824927	0.0853759	104	9.61066
500000	10000000	535.000000	8.21326e-07	0.00385681	0.000560959	4.38627e-05	0.797725	0.110707	117	9.55375
512500	10250000	535.000000	8.21326e-07	0.00370471	0.000710678	4.37468e-05	0.766265	0.140255	122	9.48118
525000	10500000	535.000000	8.21326e-07	0.00353378	0.000879205	4.36074e-05	0.730911	0.173515	134	9.39372
537500	10750000	535.000000	8.21326e-07	0.00334389	0.00106545	4.34387e-05	0.691635	0.210271	148	9.28774
550000	11000000	535.000000	8.21326e-07	0.00313714	0.00126992	4.32435e-05	0.648873	0.250623	156	9.16472
562500	11250000	535.000000	8.21326e-07	0.00291571	0.00148918	4.30213e-05	0.603072	0.293896	163	9.02454
575000	11500000	535.000000	8.21326e-07	0.0026832	0.0017193	4.27262e-05	0.554982	0.339311	173	8.8369
587500	11750000	535.000000	8.21326e-07	0.00244005	0.00196074	4.23975e-05	0.50469	0.38696	183	8.627
600000	12000000	535.000000	8.21326e-07	0.0021863	0.00221123	4.20367e-05	0.452204	0.436395	195	8.39648
612500	12250000	535.000000	8.21326e-07	0.0019276	0.0024679	4.15945e-05	0.398696	0.487051	202	8.11211
625000	12500000	535.000000	8.21326e-07	0.00166783	0.00272663	4.10818e-05	0.344967	0.538111	206	7.78109
637500	12750000	535.000000	8.21326e-07	0.0014145	0.00297974	4.04661e-05	0.292569	0.588063	211	7.37972
650000	13000000	535.000000	8.21326e-07	0.00116883	0.00322351	3.97371e-05	0.241756	0.636172	220	6.89859
662500	13250000	535.000000	8.21326e-07	0.000939686	0.0034525	3.89218e-05	0.19436	0.681364	223	6.35429
675000	13500000	535.000000	8.21326e-07	0.000730993	0.00366145	3.79758e-05	0.151195	0.722602	225	5.71353
687500	13750000	535.000000	8.21326e-07	0.000547936	0.003845	3.69162e-05	0.113333	0.758826	228	4.98154
700000	14000000	535.000000	8.21326e-07	0.000393484	0.00399938	3.5719e-05	0.0813865	0.789293	231	4.13409
712500	14250000	535.000000	8.21326e-07	0.00027209	0.00412175	3.44599e-05	0.0562778	0.813444	232	3.23537
725000	14500000	535.000000	8.21326e-07	0.000185392	0.00420946	3.31712e-05	0.0383457	0.830754	233	2.28442
737500	14750000	535.000000	8.21326e-07	0.000127331	0.00426812	3.22929e-05	0.0263366	0.842331	234	1.62613
750000	15000000	535.000000	8.21326e-07	8.64531e-05	0.0043096	3.16937e-05	0.0178816	0.850516	234	1.1777
762500	15250000	535.000000	8.21326e-07	5.82443e-05	0.00433821	3.12889e-05	0.012047	0.856163	234	0.870627
775000	15500000	535.000000	8.21326e-07	3.7702e-05	0.00435904	3.10025e-05	0.00779811	0.860274	234	0.654632
787500	15750000	535.000000	8.21326e-07	2.31638e-05	0.00437384	3.07421e-05	0.0047911	0.863194	234	0.457086
800000	16000000	535.000000	8.21326e-07	1.35753e-05	0.0043836	3.05743e-05	0.00280786	0.86512	234	0.328636
812500	16250000	535.000000	8.21326e-07	6.99069e-06	0.0043903	3.045e-05	0.00144592	0.866444	234	0.233244
825000	16500000	535.000000	8.21326e-07	2.53618e-06	0.00439488	3.03285e-05	0.000524572	0.867347	234	0.139987
837500	16750000	535.000000	8.21326e-07	6.49194e-07	0.00439688	3.02115e-05	0.000134276	0.867742	234	0.0475978
850000	17000000	535.000000	8.21326e-07	1.81046e-09	0.00439758	3.01634e-05	3.74468e-07	0.86788	234	0.00889333
862500	17250000	535.000000	8.21326e-07	0	0.00439759	3.01528e-05	0	0.867882	234	4.9087e-10
862501	17250020	535.000000	8.21326e-07	0	0.00439759	3.01528e-05	0	0.867882	234	4.9087e-10
