time step	time (yr)	temp (°C)	Al eqm CAR (mol/cm^3)	Al in CAR (mol)	Al in CAP (mol)	Al in fluid (mol)	CAR (g)	CAP (g)	numPorph	Mean rxn aff (kJ/mol)
0	0	435.000000	5.60002e-07	0.00669405	0	0.00215378	1.38457	0	0	8.03887e-05
125	250000	436.250000	5.62851e-07	0.00668309	0	0.00216473	1.3823	0	0	0.1138
250	500000	437.500000	5.65705e-07	0.00667211	0	0.00217571	1.38003	0	0	0.227599
375	750000	438.750000	5.68567e-07	0.00666111	0	0.00218672	1.37775	0	0	0.341476
500	1000000	440.000000	5.71434e-07	0.00665008	0	0.00219775	1.37547	0	0	0.45543
625	1250000	441.250000	5.74308e-07	0.00663903	0	0.0022088	1.37319	0	0	0.569462
750	1500000	442.500000	5.77188e-07	0.00662795	0	0.00221988	1.3709	0	0	0.683571
875	1750000	443.750000	5.80075e-07	0.00661685	0	0.00223098	1.3686	0	0	0.797756
1000	2000000	445.000000	5.82968e-07	0.00660572	0	0.0022421	1.3663	0	0	0.912019
1125	2250000	446.250000	5.85867e-07	0.00659457	0	0.00225325	1.36399	0	0	1.02636
1250	2500000	447.500000	5.88772e-07	0.0065834	0	0.00226443	1.36168	0	0	1.14077
1375	2750000	448.750000	5.91683e-07	0.0065722	0	0.00227563	1.35936	0	0	1.25526
1500	3000000	450.000000	5.94601e-07	0.00656098	0	0.00228685	1.35704	0	0	1.36983
1625	3250000	451.250000	5.97525e-07	0.00654973	0	0.00229809	1.35472	0	0	1.48447
1750	3500000	452.500000	6.00455e-07	0.00653846	0	0.00230936	1.35239	0	0	1.59918
1875	3750000	453.750000	6.03391e-07	0.00652717	0	0.00232065	1.35005	0	0	1.71397
2000	4000000	455.000000	6.06334e-07	0.00651586	0	0.00233197	1.34771	0	0	1.82883
2125	4250000	456.250000	6.09282e-07	0.00650451	0	0.00234331	1.34536	0	0	1.94377
2250	4500000	457.500000	6.12237e-07	0.00649315	0	0.00235468	1.34301	0	0	2.05878
2375	4750000	458.750000	6.15198e-07	0.00648176	0	0.00236606	1.34066	0	0	2.17386
2500	5000000	460.000000	6.18165e-07	0.00647035	0	0.00237747	1.3383	0	0	2.28902
2625	5250000	461.250000	6.21138e-07	0.00645892	0	0.00238891	1.33593	0	0	2.40424
2750	5500000	462.500000	6.24117e-07	0.00644746	0	0.00240036	1.33356	0	0	2.51954
2875	5750000	463.750000	6.27102e-07	0.00643598	0	0.00241184	1.33119	0	0	2.63492
3000	6000000	465.000000	6.30093e-07	0.00642448	0	0.00242335	1.32881	0	0	2.75036
3125	6250000	466.250000	6.3309e-07	0.00641295	0	0.00243488	1.32643	0	0	2.86587
3250	6500000	467.500000	6.36093e-07	0.0064014	0	0.00244643	1.32404	0	0	2.98146
3375	6750000	468.750000	6.39102e-07	0.00638983	0	0.002458	1.32164	0	0	3.09711
3500	7000000	470.000000	6.42117e-07	0.00637823	0	0.00246959	1.31925	0	0	3.21284
3625	7250000	471.250000	6.45138e-07	0.00636661	0	0.00248121	1.31684	0	0	3.32864
3750	7500000	472.500000	6.48165e-07	0.00635497	0	0.00249285	1.31443	0	0	3.4445
3875	7750000	473.750000	6.51198e-07	0.00634331	0	0.00250452	1.31202	0	0	3.56044
4000	8000000	475.000000	6.54236e-07	0.00633162	0	0.00251621	1.3096	0	0	3.67645
4125	8250000	476.250000	6.57281e-07	0.00631991	0	0.00252792	1.30718	0	0	3.79252
4250	8500000	477.500000	6.60332e-07	0.00630818	0	0.00253965	1.30476	0	0	3.90866
4375	8750000	478.750000	6.63388e-07	0.00629642	0	0.0025514	1.30232	0	0	4.02487
4500	9000000	480.000000	6.6645e-07	0.00628465	0	0.00256318	1.29989	0	0	4.14115
4625	9250000	481.250000	6.69518e-07	0.00627285	0	0.00257498	1.29745	0	0	4.2575
4750	9500000	482.500000	6.72592e-07	0.00626103	0	0.0025868	1.295	0	0	4.37392
4875	9750000	483.750000	6.75671e-07	0.00624918	0	0.00259865	1.29255	0	0	4.4904
5000	10000000	485.000000	6.78757e-07	0.00623731	0	0.00261051	1.2901	0	0	4.60695
5125	10250000	486.250000	6.81848e-07	0.00622543	0	0.0026224	1.28764	0	0	4.72356
5250	10500000	487.500000	6.84945e-07	0.00621352	0	0.00263431	1.28518	0	0	4.84024
5375	10750000	488.750000	6.88047e-07	0.00620158	0	0.00264624	1.28271	0	0	4.95699
5500	11000000	490.000000	6.91156e-07	0.00618963	0	0.0026582	1.28023	0	0	5.07381
5625	11250000	491.250000	6.9427e-07	0.00617752	6.45021e-08	0.00267017	1.27773	1.27298e-05	1	5.19068
5750	11500000	492.500000	6.97389e-07	0.00616517	2.26553e-07	0.00268217	1.27518	4.47111e-05	1	5.30761
5875	11750000	493.750000	7.00515e-07	0.00615294	4.30443e-07	0.00269419	1.27265	8.49496e-05	1	5.42457
6000	12000000	495.000000	7.03646e-07	0.00614069	6.37102e-07	0.00270623	1.27011	0.000125735	1	5.54163
6125	12250000	496.250000	7.06782e-07	0.00612793	1.13883e-06	0.00271828	1.26747	0.000224753	2	5.65867
6250	12500000	497.500000	7.09925e-07	0.00611524	1.69346e-06	0.00273035	1.26485	0.000334212	2	5.77575
6375	12750000	498.750000	7.13073e-07	0.00610253	2.30297e-06	0.00274245	1.26222	0.0004545	2	5.89297
6500	13000000	500.000000	7.16226e-07	0.00608926	3.24997e-06	0.00275456	1.25947	0.000641395	3	6.01009
6625	13250000	501.250000	7.19385e-07	0.00607602	4.30612e-06	0.00276669	1.25674	0.000849831	3	6.12732
6750	13500000	502.500000	7.2255e-07	0.00606257	5.58677e-06	0.00277883	1.25395	0.00110257	4	6.24451
6875	13750000	503.750000	7.2572e-07	0.00604848	7.29211e-06	0.00279098	1.25104	0.00143913	4	6.36164
7000	14000000	505.000000	7.28895e-07	0.00603444	9.15834e-06	0.00280315	1.24814	0.00180743	4	6.47884
7125	14250000	506.250000	7.32076e-07	0.00601984	1.13943e-05	0.00281535	1.24512	0.0022487	5	6.59613
7250	14500000	507.500000	7.35263e-07	0.00600465	1.41683e-05	0.00282754	1.24197	0.00279617	6	6.71323
7375	14750000	508.750000	7.38455e-07	0.00598876	1.75165e-05	0.00283972	1.23869	0.00345694	7	6.83015
7500	15000000	510.000000	7.41653e-07	0.0059725	2.14542e-05	0.00285191	1.23533	0.00423407	8	6.94701
7625	15250000	511.250000	7.44856e-07	0.00595519	2.6186e-05	0.00286411	1.23174	0.00516791	10	7.06382
7750	15500000	512.500000	7.48064e-07	0.0059362	3.22236e-05	0.00287631	1.22782	0.00635945	12	7.18052
7875	15750000	513.750000	7.51278e-07	0.00591707	3.9036e-05	0.0028885	1.22386	0.00770391	12	7.29698
8000	16000000	515.000000	7.54497e-07	0.00589658	4.70734e-05	0.00290065	1.21962	0.00929013	14	7.41293
8125	16250000	516.250000	7.57722e-07	0.00587395	5.68506e-05	0.00291277	1.21494	0.0112197	18	7.52855
8250	16500000	517.500000	7.60952e-07	0.00584904	6.85927e-05	0.00292488	1.20979	0.013537	20	7.64387
8375	16750000	518.750000	7.64187e-07	0.00582341	8.1957e-05	0.00293693	1.20449	0.0161745	21	7.7586
8500	17000000	520.000000	7.67427e-07	0.0057959	9.73822e-05	0.0029489	1.1988	0.0192188	22	7.87245
8625	17250000	521.250000	7.70673e-07	0.0057659	0.000114961	0.00296085	1.19259	0.0226879	23	7.98606
8750	17500000	522.500000	7.73925e-07	0.0057341	0.000134514	0.00297275	1.18601	0.0265468	28	8.09903
8875	17750000	523.750000	7.77181e-07	0.00569765	0.000157722	0.00298447	1.17848	0.031127	30	8.2103
9000	18000000	525.000000	7.80443e-07	0.00565893	0.000184187	0.0029961	1.17047	0.0363501	34	8.32065
9125	18250000	526.250000	7.8371e-07	0.00561409	0.000215507	0.00300762	1.16119	0.0425312	42	8.4299
9250	18500000	527.500000	7.86982e-07	0.00556581	0.00025108	0.00301896	1.15121	0.0495517	46	8.53752
9375	18750000	528.750000	7.9026e-07	0.00551275	0.00029186	0.00303012	1.14023	0.0575996	52	8.64339
9500	19000000	530.000000	7.93542e-07	0.00545382	0.000338982	0.00304081	1.12804	0.0668995	55	8.74485
9625	19250000	531.250000	7.9683e-07	0.00538783	0.000392757	0.00305123	1.1144	0.0775122	64	8.84383
9750	19500000	532.500000	8.00123e-07	0.00531596	0.000453138	0.00306145	1.09953	0.0894285	66	8.94101
9875	19750000	533.750000	8.03422e-07	0.00523781	0.000520592	0.00307133	1.08337	0.102741	69	9.03501
10000	20000000	535.000000	8.06725e-07	0.00515047	0.000596512	0.00308082	1.0653	0.117724	76	9.12549
10125	20250000	536.250000	8.10033e-07	0.00505727	0.000679861	0.00308998	1.04602	0.134173	79	9.21302
10250	20500000	537.500000	8.13347e-07	0.00495575	0.000771887	0.00309856	1.02503	0.152335	84	9.29535
10375	20750000	538.750000	8.16666e-07	0.00484346	0.000873731	0.00310678	1.0018	0.172434	94	9.37443
10500	21000000	540.000000	8.19989e-07	0.00472208	0.00098582	0.00311408	0.976695	0.194556	98	9.44539
10625	21250000	541.250000	8.23318e-07	0.00459246	0.00110762	0.00312081	0.949883	0.218594	104	9.51128
10750	21500000	542.500000	8.26652e-07	0.00445231	0.00124033	0.0031264	0.920897	0.244784	112	9.5671
10875	21750000	543.750000	8.29991e-07	0.00430114	0.00138437	0.00313112	0.889629	0.273211	119	9.6153
11000	22000000	545.000000	8.33335e-07	0.00414232	0.00153897	0.00313471	0.856778	0.303721	121	9.65363
11125	22250000	546.250000	8.36684e-07	0.0039741	0.0017037	0.003137	0.821985	0.336232	125	9.68032
11250	22500000	547.500000	8.40037e-07	0.00379671	0.00187824	0.00313793	0.785295	0.370679	136	9.6952
11375	22750000	548.750000	8.43396e-07	0.0036112	0.0020633	0.00313729	0.746925	0.4072	136	9.69623
11500	23000000	550.000000	8.4676e-07	0.00341882	0.00225714	0.00313499	0.707133	0.445456	140	9.68256
11625	23250000	551.250000	8.50129e-07	0.00321941	0.00245868	0.00313094	0.665888	0.48523	150	9.65336
11750	23500000	552.500000	8.53502e-07	0.00301006	0.00267128	0.00312459	0.622588	0.527187	163	9.60365
11875	23750000	553.750000	8.56881e-07	0.0027945	0.00289356	0.00311616	0.578001	0.571056	167	9.5357
12000	24000000	555.000000	8.60264e-07	0.00257393	0.00312356	0.00310488	0.53238	0.616447	174	9.4424
12125	24250000	556.250000	8.63653e-07	0.0023505	0.0033604	0.00308988	0.486166	0.663187	180	9.31557
12250	24500000	557.500000	8.67046e-07	0.0021257	0.00360269	0.00307106	0.439669	0.711006	184	9.15445
12375	24750000	558.750000	8.70444e-07	0.00190412	0.00384631	0.00304846	0.39384	0.759084	186	8.95847
12500	25000000	560.000000	8.73847e-07	0.00168751	0.00408943	0.00302128	0.349037	0.807065	190	8.72
12587	25174000	560.870000	8.76218e-07	0.00154009	0.00425768	0.0029991	0.318545	0.84027	195	8.5234
