Num ppbs	234
Nucl time (y)	Nucl temp (°C)	x (vox)	y (vox)	z (vox)	Vol (cm^3)	Ext Vol(cm^3)	Rxn affinity (kJ/mol)
5942700	509.427	48	21	84	0.00191193	0.00191193	6.80055
6055040	510.55	107	21	121	0.00157219	0.00157219	6.93078
6483600	514.836	15	91	136	0.000727635	0.000727635	7.42809
6927740	519.277	33	122	85	0.00142565	0.00142565	7.94436
6930520	519.305	80	93	48	0.00118974	0.00118974	7.94759
7030600	520.306	92	8	112	0.00114604	0.00114604	8.06405
7184320	521.843	13	25	48	0.00186085	0.00186085	8.24301
7255440	522.554	61	124	123	0.00110657	0.00110657	8.32584
7264060	522.641	62	113	73	0.00110645	0.00110645	8.33588
7343200	523.432	117	88	57	0.0014472	0.0014472	8.42809
7437800	524.378	121	116	82	0.00164468	0.00164468	8.53834
7467100	524.671	33	81	138	0.000481666	0.000481666	8.57249
7557380	525.574	67	22	105	0.00122368	0.00122368	8.67776
7587240	525.872	33	139	134	0.000475232	0.000475232	8.71258
7634760	526.348	92	24	14	0.0013735	0.0013735	8.76801
7694480	526.945	14	85	125	0.000853379	0.000853379	8.83768
7709020	527.09	115	62	106	0.00129163	0.00129163	8.85465
7755980	527.56	53	12	104	0.00116501	0.00116501	8.90945
7800320	528.003	101	73	32	0.00114152	0.00114152	8.9612
7887340	528.873	79	92	29	0.00082708	0.000830296	9.06279
7892460	528.925	12	60	69	0.00127405	0.00127405	9.06876
7893880	528.939	23	11	134	0.000856857	0.000856857	9.07042
7894820	528.948	83	90	21	0.00103281	0.00104085	9.07152
7917720	529.177	10	5	120	0.000816472	0.000816472	9.09826
8055720	530.557	130	92	113	0.00106891	0.00106891	9.25945
8058860	530.589	110	72	134	0.000867801	0.000867801	9.26312
8067420	530.674	16	139	68	0.000541133	0.000541133	9.27312
8072920	530.729	105	100	126	0.00115992	0.00115992	9.27955
8143300	531.433	62	107	84	0.000843421	0.000843421	9.36179
8173540	531.735	123	10	66	0.00127724	0.00127724	9.39713
8238760	532.388	137	24	136	0.000549797	0.000549797	9.47337
8261520	532.615	108	54	52	0.00132275	0.00132275	9.49998
8269500	532.695	29	78	120	0.000850716	0.000850716	9.50931
8353280	533.533	59	104	65	0.000685792	0.000685792	9.60729
8354060	533.541	128	125	136	0.000808342	0.000808342	9.6082
8362680	533.627	58	63	125	0.000823586	0.000823586	9.61828
8384140	533.841	99	32	83	0.000986155	0.000992588	9.64339
8399980	534	130	32	10	0.000991824	0.000991824	9.66192
8415020	534.15	10	36	78	0.000900071	0.000900071	9.67951
8469340	534.693	85	64	80	0.000971914	0.000971914	9.74306
8503700	535	39	125	26	0.00104354	0.00104354	9.77894
8505840	535	73	123	136	0.000532929	0.000532929	9.77894
8548920	535	22	90	52	0.00120331	0.00120331	9.77894
8586960	535	67	20	23	0.00151083	0.00151083	9.77894
8600400	535	112	29	92	0.00102349	0.00102349	9.77894
8608360	535	64	72	87	0.00102122	0.00102122	9.77894
8626560	535	24	45	15	0.0012172	0.0012172	9.77894
8629040	535	66	104	111	0.000777559	0.000777559	9.77894
8665980	535	19	61	137	0.000633076	0.000633076	9.77894
8670040	535	11	130	99	0.000894449	0.000894449	9.77894
8737480	535	62	89	46	0.000756129	0.000756129	9.77894
8805000	535	39	1	132	0.0003981	0.0003981	9.77894
8810700	535	97	87	35	0.000673524	0.000673524	9.77894
8837120	535	80	44	65	0.00117015	0.00117015	9.77894
8838320	535	108	10	47	0.00098651	0.00098651	9.77894
8846340	535	39	51	112	0.00104825	0.00104825	9.77894
8902400	535	55	109	135	0.000383411	0.000383411	9.77894
8930740	535	64	88	60	0.000509205	0.000509205	9.77894
8957260	535	53	79	127	0.000593412	0.000593412	9.77894
9020300	535	133	62	84	0.000840449	0.000840449	9.77894
9025940	535	41	128	43	0.000585668	0.000593709	9.77894
9070440	535	31	38	62	0.000995386	0.000995386	9.77894
9078360	535	84	105	128	0.0007244	0.0007244	9.77894
9081320	535	39	109	114	0.000571732	0.000571732	9.77894
9089860	535	72	61	102	0.000801193	0.000801193	9.77894
9111240	535	110	134	129	0.000651407	0.000651407	9.77894
9134680	535	61	47	107	0.000771264	0.000771264	9.77894
9163280	535	14	24	3	0.000871529	0.000871529	9.77894
9165400	535	54	42	54	0.00105886	0.00105886	9.77894
9177620	535	96	128	118	0.000919376	0.000919376	9.77894
9183940	535	11	66	6	0.000621701	0.000621701	9.77894
9211300	535	27	117	127	0.000507393	0.000507393	9.77894
9232560	535	118	17	20	0.000811519	0.000811519	9.77894
9240180	535	45	112	33	0.000839139	0.000839139	9.77894
9250780	535	44	105	127	0.00032888	0.00032888	9.77894
9268280	535	35	75	18	0.00111004	0.00111004	9.77894
9280800	535	54	55	132	0.000485502	0.000485502	9.77894
9292500	535	111	21	32	0.000776605	0.000776605	9.77894
9297740	535	123	24	129	0.000660726	0.000660726	9.77894
9304020	535	120	76	122	0.000525199	0.000525199	9.77894
9318360	535	99	121	25	0.000925889	0.000925889	9.77894
9326640	535	101	9	101	0.000581217	0.000581217	9.77894
9335580	535	45	93	54	0.000671588	0.000671588	9.77894
9337860	535	98	38	89	0.000396517	0.000404559	9.77894
9420040	535	43	135	43	0.000412915	0.00041774	9.77894
9427060	535	119	136	58	0.000661346	0.000661346	9.77894
9463620	535	59	114	99	0.000566932	0.000566932	9.77894
9494220	535	120	92	108	0.000545246	0.000545246	9.77894
9496540	535	76	29	18	0.000483536	0.000504443	9.77894
9516320	535	110	68	117	0.00038217	0.00038217	9.77894
9549500	535	28	119	35	0.000745233	0.000745233	9.77894
9574260	535	57	93	124	0.000389146	0.000389146	9.77894
9577020	535	8	120	64	0.000678652	0.000678652	9.77894
9582900	535	25	92	81	0.000600833	0.000600833	9.77894
9583600	535	3	50	25	0.000609423	0.000609423	9.77894
9586800	535	72	81	56	0.000399346	0.000399346	9.77894
9594520	535	95	139	11	0.000406652	0.000406652	9.77894
9642220	535	33	114	131	0.0002446	0.0002446	9.77894
9663460	535	5	36	127	0.000635974	0.000635974	9.77894
9665560	535	9	47	88	0.000604172	0.000604172	9.77894
9666660	535	33	120	67	0.000563334	0.000563334	9.77894
9678400	535	106	89	54	0.000382903	0.000382903	9.77894
9719060	535	52	106	117	0.000246898	0.000246898	9.77894
9729500	535	17	62	11	0.000430718	0.000430718	9.77894
9781500	535	124	47	2	0.000374477	0.000374477	9.77894
9808360	535	77	84	105	0.000616489	0.000616489	9.77894
9863700	535	131	55	19	0.00062411	0.00062411	9.77894
9878980	535	119	73	29	0.000658269	0.000658269	9.77894
9890320	535	82	114	20	0.000682058	0.000682058	9.77894
9907400	535	26	73	65	0.000587771	0.000587771	9.77894
9910540	535	84	29	136	0.000340037	0.000340037	9.77894
9919600	535	136	56	77	0.000408308	0.000408308	9.77894
9939900	535	79	92	81	0.000542847	0.000542847	9.77894
9944040	535	127	107	49	0.000544352	0.000544352	9.77894
9955800	535	117	56	27	0.0005427	0.0005427	9.77894
9972460	535	84	38	133	0.000373771	0.000373771	9.77894
9979580	535	105	118	57	0.000648136	0.000648136	9.77894
10013360	535	72	33	16	0.000402728	0.000426852	9.77894
10034620	535	15	93	78	0.000427559	0.000427559	9.77894
10052980	535	90	79	74	0.000495813	0.000495813	9.77894
10126280	535	52	57	5	0.000633821	0.000633821	9.77894
10204360	535	116	10	41	0.000351179	0.000351179	9.77894
10253880	535	15	22	67	0.000448165	0.000448165	9.77894
10273620	535	107	74	124	0.0001789	0.0001789	9.15801
10326540	535	54	29	51	0.000787168	0.000787168	9.77894
10326900	535	99	52	32	0.000562203	0.000562203	9.77894
10356320	535	139	112	31	0.000386766	0.000386766	9.77894
10357140	535	5	123	124	0.000424716	0.000424716	9.77894
10375920	535	101	41	93	0.000231008	0.000240658	8.61597
10380100	535	91	10	4	0.000406606	0.000406606	9.77894
10448900	535	17	98	72	0.000287763	0.000287763	9.77894
10467740	535	25	29	73	0.000353789	0.000353789	9.77894
10483100	535	118	117	8	0.000858513	0.000858513	9.77894
10495820	535	83	59	71	0.000269396	0.000269396	9.49739
10526080	535	130	1	71	0.000172973	0.000172973	9.77894
10527440	535	7	90	28	0.000753671	0.000753671	9.77894
10535260	535	94	136	41	0.000386018	0.000386018	9.77894
10551900	535	52	90	62	0.000179541	0.000179541	9.77894
10599200	535	83	130	53	0.000539715	0.000539715	9.77894
10606600	535	95	82	100	0.000484392	0.000484392	9.77894
10631900	535	130	55	39	0.000514412	0.000514412	9.77894
10650540	535	62	43	138	0.000226667	0.000226667	9.77894
10660020	535	22	77	97	0.000532916	0.000532916	9.77894
10675280	535	65	47	40	0.000687269	0.000687269	9.77894
10677120	535	134	103	49	0.000288789	0.000288789	9.77894
10695560	535	91	38	132	0.000222855	0.000222855	9.77894
10713820	535	23	102	101	0.000393335	0.000393335	9.77894
10744280	535	18	134	4	0.000560103	0.000560103	9.77894
10750200	535	85	44	3	0.000344417	0.000344417	9.77894
10781040	535	26	5	69	0.00055659	0.00055659	9.77894
10782560	535	30	56	10	0.000265721	0.000265721	9.77894
10824860	535	63	40	121	0.00029767	0.00029767	9.77894
10936840	535	123	119	62	0.000318968	0.000318968	9.77894
10970040	535	22	62	61	0.000267813	0.000267813	9.39999
10972300	535	73	15	136	0.000326231	0.000326231	9.77894
10991300	535	74	129	14	0.00047961	0.00047961	9.77894
11002960	535	66	16	91	0.000248554	0.000248554	9.25329
11015560	535	19	19	103	0.000394568	0.000394568	9.77894
11072440	535	124	41	74	0.000440005	0.000440005	9.77894
11115020	535	102	99	59	0.000225437	0.000225437	9.77894
11166980	535	9	18	92	0.000338296	0.000338296	9.77894
11173780	535	105	56	117	0.000225667	0.000225667	9.62201
11186320	535	70	42	5	0.00033084	0.00033084	9.77894
11283680	535	139	103	67	0.000183946	0.000183946	9.77894
11291540	535	84	128	139	6.64444e-05	6.64444e-05	8.89899
11306380	535	105	121	80	0.000371996	0.000371996	9.77894
11316080	535	16	120	108	0.000181999	0.000181999	9.77894
11332140	535	114	74	7	0.000416155	0.000416155	9.77894
11353080	535	90	69	45	0.000201442	0.000201442	9.77894
11375080	535	77	81	67	9.93925e-05	9.93925e-05	9.77894
11406860	535	76	123	45	0.000308397	0.000308397	9.77894
11409760	535	112	135	41	0.000232368	0.000232368	9.77894
11499820	535	128	100	132	0.000203166	0.000203166	9.77894
11575440	535	3	101	59	0.00019809	0.00019809	9.77894
11601400	535	130	47	126	0.00023563	0.00023563	9.77894
11641200	535	65	103	5	0.000394759	0.000394759	9.77894
11660960	535	125	132	25	0.000411481	0.000411481	9.77894
11662140	535	19	39	105	0.000296116	0.000296116	9.77894
11679440	535	51	78	9	0.000345238	0.000345238	9.77894
11699640	535	8	135	36	0.000360198	0.000360198	9.77894
11710180	535	44	130	14	0.000323912	0.000323912	9.57776
11736940	535	38	60	17	0.000164444	0.000164444	9.77894
11737880	535	129	54	127	0.000188824	0.000188824	9.77894
11752300	535	116	118	92	0.000199152	0.000199152	8.19287
11811720	535	15	95	1	0.000299672	0.000299672	9.77894
11834060	535	17	106	59	0.000134508	0.000134508	9.77894
11852680	535	84	71	4	0.00029095	0.00029095	9.77894
11864660	535	2	30	104	0.000133126	0.000133126	9.77894
11869220	535	121	121	37	0.000239304	0.000239304	9.77894
11880540	535	57	137	91	0.000211424	0.000211424	9.77894
11888420	535	43	62	15	0.00014218	0.00014218	9.77894
11945600	535	40	70	62	0.000219554	0.000219554	9.77894
11954260	535	65	71	11	0.000304432	0.000304432	9.77894
11978220	535	43	75	75	0.000195466	0.000195466	9.77894
11999560	535	85	139	11	7.1528e-05	7.1528e-05	9.05903
12014740	535	131	4	25	0.000202132	0.000202132	9.77894
12044500	535	74	26	88	0.000164744	0.000164744	9.77894
12051700	535	137	135	101	0.00025369	0.00025369	9.77894
12067060	535	12	43	7	8.56189e-05	8.56189e-05	9.28084
12167760	535	9	12	20	0.000505205	0.000505205	9.77894
12182640	535	113	6	78	0.000156223	0.000156223	9.45482
12202620	535	31	79	83	0.000118047	0.000118047	9.77894
12295860	535	124	92	92	0.000168855	0.000168855	9.77894
12298040	535	51	115	50	6.79397e-05	6.79397e-05	9.77894
12309280	535	116	84	3	0.000223899	0.000223899	9.77894
12352300	535	84	61	135	0.000134428	0.000134428	9.77894
12533740	535	21	36	131	0.000108402	0.000108402	9.77894
12627760	535	125	35	64	0.000122746	0.000122746	9.77894
12673140	535	126	13	101	0.000206104	0.000206104	9.77894
12678100	535	129	50	108	0.000105757	0.000105757	9.77894
12744020	535	139	91	33	0.000121964	0.000121964	9.77894
12756540	535	81	112	8	8.88089e-05	8.88089e-05	9.09314
12780720	535	72	65	54	7.79387e-05	7.79387e-05	9.77894
12812300	535	138	36	57	0.000115176	0.000115176	9.77894
12859100	535	131	40	62	9.07934e-05	9.07934e-05	9.77894
12867260	535	84	118	74	0.000128162	0.000128162	9.77894
12876360	535	68	28	73	0.000141721	0.000141721	9.77894
12896320	535	137	134	38	0.000100704	0.000100704	9.77894
12933360	535	52	134	107	3.52202e-05	3.52202e-05	9.42847
12937640	535	17	14	81	5.69348e-05	5.69348e-05	9.77894
13062100	535	72	131	5	6.56735e-05	6.56735e-05	8.87083
13184580	535	5	73	35	0.000105502	0.000105502	9.77894
13191360	535	118	84	88	6.48488e-05	6.48488e-05	9.77894
13382100	535	95	120	83	7.99276e-05	7.99276e-05	9.31176
13414160	535	134	113	104	5.99238e-05	5.99238e-05	9.77894
13637480	535	43	13	22	0.000378154	0.000378154	9.77894
13668860	535	90	17	51	0.000128572	0.000128572	9.77894
13748640	535	16	125	18	9.64777e-05	9.64777e-05	9.77894
13775800	535	103	139	82	5.11966e-05	5.11966e-05	9.77894
13776900	535	78	19	41	0.000121144	0.000121144	9.77894
13830100	535	118	71	72	1.59514e-05	1.59514e-05	9.77894
14051940	535	86	35	48	3.39988e-05	3.39988e-05	9.77894
14305720	535	6	107	14	9.79505e-05	9.79505e-05	9.77894
14509540	535	51	94	10	2.03052e-05	2.03052e-05	9.77894
