Num ppbs	200
Nucl time (y)	Nucl temp (°C)	x (vox)	y (vox)	z (vox)	Vol (cm^3)	Ext Vol(cm^3)	Rxn affinity (kJ/mol)
5926000	509.26	60	27	59	0.00131707	0.00132672	6.7812
6590000	515.9	124	72	115	0.00183244	0.00183244	7.55169
6614000	516.14	76	41	122	0.0015481	0.0015481	7.57957
6752000	517.52	59	122	91	0.00148402	0.00148402	7.73997
6872000	518.72	58	21	67	0.00115082	0.00115886	7.87952
7034000	520.34	38	16	94	0.00127755	0.00127755	8.06801
7468000	524.68	13	50	53	0.00143051	0.00148037	8.57354
7476000	524.76	37	138	35	0.000699809	0.000699809	8.58287
7478000	524.78	132	25	17	0.00124869	0.00124869	8.5852
7500000	525	21	91	101	0.00136336	0.00136336	8.61085
7520000	525.2	111	26	15	0.00148706	0.00148706	8.63417
7590000	525.9	5	131	39	0.000905773	0.000905773	8.7158
7618000	526.18	2	65	86	0.000723423	0.000723423	8.74846
7634000	526.34	118	124	104	0.00108826	0.00108826	8.76712
7748000	527.48	90	23	126	0.000961098	0.000961098	8.90013
7776000	527.76	23	94	35	0.00161596	0.00161596	8.93281
7824000	528.24	122	136	87	0.000656787	0.000656787	8.98884
7878000	528.78	81	122	26	0.00145687	0.00145687	9.05188
7910000	529.1	61	117	32	0.000731566	0.000739607	9.08924
7926000	529.26	27	24	102	0.00119582	0.00119582	9.10793
8006000	530.06	33	61	30	0.00145924	0.00145924	9.20136
8010000	530.1	110	131	112	0.00100973	0.00100973	9.20604
8012000	530.12	92	13	99	0.00164327	0.00164327	9.20837
8016000	530.16	65	135	120	0.000723032	0.000723032	9.21305
8022000	530.22	77	135	124	0.000733765	0.000733765	9.22006
8094000	530.94	26	14	132	0.00112096	0.00112096	9.30418
8112000	531.12	106	13	128	0.0012937	0.0012937	9.32521
8150000	531.5	100	48	71	0.000886894	0.000890111	9.36962
8210000	532.1	112	124	74	0.000900158	0.000900158	9.43975
8228000	532.28	94	55	72	0.000931806	0.000941456	9.46079
8240000	532.4	35	110	52	0.0010431	0.0010431	9.47482
8242000	532.42	124	103	8	0.00124998	0.00124998	9.47716
8252000	532.52	115	14	60	0.00165725	0.00165725	9.48885
8300000	533	11	114	68	0.000824064	0.000824064	9.54498
8300000	533	114	106	80	0.000980398	0.000980398	9.54498
8344000	533.44	9	113	79	0.00071802	0.00071802	9.59644
8372000	533.72	47	16	132	0.000739033	0.000739033	9.62919
8384000	533.84	29	72	75	0.00107428	0.00107428	9.64322
8384000	533.84	104	56	123	0.00148637	0.00148637	9.64322
8396000	533.96	133	57	103	0.00128816	0.00128816	9.65726
8404000	534.04	92	134	61	0.000885093	0.000885093	9.66662
8418000	534.18	27	32	72	0.00131896	0.00131896	9.683
8434000	534.34	30	131	115	0.00100701	0.00100701	9.70171
8462000	534.62	46	99	129	0.00115435	0.00115435	9.73448
8474000	534.74	91	84	68	0.0010217	0.0010217	9.74852
8490000	534.9	124	106	65	0.00123712	0.00123712	9.76724
8508000	535	34	21	6	0.00102017	0.00102017	9.77894
8516000	535	110	78	4	0.000829746	0.000829746	9.77894
8538000	535	64	111	51	0.000839908	0.000839908	9.77894
8560000	535	86	13	126	0.000703043	0.000703043	9.77894
8562000	535	73	71	34	0.00110539	0.00110539	9.77894
8620000	535	64	44	132	0.000834928	0.000834928	9.77894
8668000	535	21	52	110	0.00119913	0.00119913	9.77894
8698000	535	55	114	28	0.000505114	0.000521196	9.77894
8706000	535	76	25	56	0.00098157	0.00098157	9.77894
8716000	535	6	138	70	0.000384262	0.000384262	9.77894
8734000	535	137	93	137	0.000586743	0.000586743	9.77894
8792000	535	60	124	39	0.000518099	0.000518099	9.77894
8820000	535	43	114	28	0.000767258	0.000767258	9.77894
8894000	535	92	82	10	0.00104954	0.00104954	9.77894
8898000	535	38	97	107	0.000968374	0.000968374	9.77894
8918000	535	83	6	28	0.000885133	0.000885133	9.77894
8958000	535	47	14	122	0.000607377	0.000607377	9.77894
8966000	535	12	126	136	0.000597181	0.000597181	9.77894
8998000	535	77	95	57	0.0007751	0.0007751	9.77894
9032000	535	47	11	5	0.000751883	0.000751883	9.77894
9034000	535	11	14	19	0.00124552	0.00124552	9.77894
9048000	535	103	50	30	0.000866613	0.00087787	9.77894
9084000	535	43	19	83	0.000647849	0.000647849	9.77894
9104000	535	34	139	86	0.000373299	0.000373299	9.77894
9108000	535	55	71	126	0.00113741	0.00113741	9.77894
9128000	535	91	102	60	0.000699703	0.000699703	9.77894
9198000	535	17	127	13	0.000937278	0.000937278	9.77894
9204000	535	127	133	71	0.000609586	0.000609586	9.77894
9224000	535	64	130	61	0.000607283	0.000607283	9.77894
9260000	535	123	118	21	0.00127978	0.00127978	9.77894
9272000	535	117	8	34	0.00086573	0.00086573	9.77894
9322000	535	37	124	58	0.000618432	0.000618432	9.77894
9328000	535	75	32	139	0.000237119	0.000237119	9.77894
9334000	535	87	99	128	0.00118449	0.00118449	9.77894
9336000	535	36	57	3	0.000545875	0.000545875	9.77894
9372000	535	10	2	110	0.000500299	0.000500299	9.77894
9398000	535	28	65	86	0.000663702	0.000663702	9.77894
9410000	535	18	55	55	0.000404386	0.000441376	8.26017
9498000	535	108	49	87	0.000945598	0.000945598	9.77894
9534000	535	13	94	131	0.000840096	0.000840096	9.77894
9566000	535	4	78	91	0.000410495	0.000410495	9.77894
9576000	535	98	129	29	0.000962066	0.000962066	9.77894
9606000	535	134	33	41	0.000862914	0.000862914	9.77894
9634000	535	11	111	96	0.000577206	0.000577206	9.77894
9674000	535	18	1	101	0.000303529	0.000303529	9.77894
9678000	535	105	91	72	0.000583091	0.000583091	9.77894
9678000	535	9	59	113	0.000689356	0.000689356	9.77894
9750000	535	50	7	43	0.000782533	0.000782533	9.77894
9818000	535	53	134	94	0.000354165	0.000354165	9.65952
9822000	535	5	77	46	0.000690775	0.000690775	9.77894
9830000	535	55	84	11	0.000722628	0.000722628	9.77894
9850000	535	132	119	96	0.00047352	0.00047352	9.77894
9866000	535	122	66	30	0.000897389	0.000897389	9.77894
9868000	535	69	129	130	0.000284568	0.000284568	9.0564
9940000	535	62	81	40	0.000595063	0.000595063	9.77894
9992000	535	38	51	11	0.000574791	0.000574791	9.77894
10048000	535	72	134	138	0.000161161	0.000161161	9.77894
10066000	535	54	63	30	0.000641684	0.000641684	9.77894
10104000	535	61	105	121	0.000618605	0.000618605	9.77894
10106000	535	113	56	14	0.000611669	0.000611669	9.77894
10152000	535	4	33	2	0.000383367	0.000383367	9.77894
10186000	535	119	130	132	0.00066707	0.00066707	9.77894
10188000	535	65	90	85	0.000647929	0.000647929	9.77894
10192000	535	16	132	125	0.000334067	0.000334067	9.77894
10198000	535	112	49	74	0.000539059	0.000539059	9.67973
10202000	535	60	88	18	0.000529881	0.000529881	9.77894
10272000	535	37	125	15	0.00053219	0.00053219	9.77894
10290000	535	75	50	94	0.000839599	0.000839599	9.77894
10302000	535	74	81	107	0.000809953	0.000809953	9.77894
10304000	535	76	93	80	0.000468429	0.000468429	9.77894
10356000	535	98	62	40	0.000459735	0.000459735	9.77894
10436000	535	138	107	18	0.000371736	0.000371736	9.77894
10466000	535	112	42	57	0.000608439	0.000608439	9.77894
10476000	535	20	129	84	0.0003077	0.0003077	9.77894
10486000	535	39	27	114	0.000353028	0.000353028	9.77894
10490000	535	78	115	70	0.000317907	0.000317907	9.77894
10500000	535	72	138	68	0.000175562	0.000175562	9.77894
10512000	535	73	120	81	0.000333632	0.000333632	9.77894
10532000	535	110	87	86	0.000562093	0.000562093	9.77894
10554000	535	42	24	123	0.000219544	0.000219544	9.09496
10556000	535	42	24	67	0.00033589	0.00033589	9.54356
10580000	535	21	69	69	0.000289691	0.000289691	9.08299
10684000	535	98	86	29	0.000537355	0.000537355	9.77894
10752000	535	6	5	59	0.000546957	0.000546957	9.77894
10776000	535	97	50	32	0.000175733	0.000195032	7.57419
10792000	535	75	14	27	0.000377645	0.000377645	9.59968
10800000	535	116	63	103	0.000419138	0.000419138	9.60091
10866000	535	18	72	122	0.000529853	0.000529853	9.77894
10866000	535	76	35	77	0.000500263	0.000500263	9.77894
10874000	535	77	55	46	0.000451013	0.000451013	9.77894
10880000	535	108	101	43	0.000594898	0.000594898	9.77894
10898000	535	10	138	88	0.000152421	0.000152421	9.77894
10900000	535	75	30	9	0.000653093	0.000653093	9.77894
10952000	535	128	101	98	0.000496399	0.000496399	9.77894
11034000	535	104	50	54	0.000297375	0.000297375	9.77894
11064000	535	20	71	14	0.000574892	0.000574892	9.77894
11094000	535	95	2	79	0.000296809	0.000296809	9.77894
11108000	535	103	9	73	0.000471623	0.000471623	9.77894
11114000	535	136	75	135	0.000257909	0.000257909	9.77894
11120000	535	49	25	47	0.000274789	0.000274789	9.27911
11162000	535	42	56	100	0.000523167	0.000523167	9.77894
11198000	535	52	24	39	0.00036034	0.00036034	9.77894
11220000	535	46	66	52	0.000440683	0.000440683	9.77894
11274000	535	67	66	64	0.000468437	0.000468437	9.77894
11298000	535	67	5	19	0.000290943	0.000290943	9.77894
11304000	535	79	50	26	0.000434064	0.000434064	9.77894
11328000	535	15	118	118	0.000232794	0.000232794	9.77894
11384000	535	118	80	26	0.000389587	0.000389587	9.77894
11404000	535	4	23	57	0.0004096	0.0004096	9.77894
11424000	535	99	65	34	0.000147398	0.000147398	8.59524
11432000	535	93	118	65	0.000132303	0.000132303	9.77894
11434000	535	11	63	3	0.00037368	0.00037368	9.77894
11494000	535	62	73	1	0.000188382	0.000188382	9.77894
11540000	535	52	127	2	0.000284398	0.000284398	9.77894
11610000	535	112	30	132	0.000334405	0.000334405	9.77894
11620000	535	91	90	101	0.000352678	0.000352678	9.77894
11650000	535	48	70	137	0.000199969	0.000199969	9.56215
11676000	535	69	112	104	0.000225723	0.000225723	9.77894
11692000	535	85	97	105	0.000302666	0.000302666	9.77894
11702000	535	54	89	72	0.000297243	0.000297243	9.77894
11728000	535	93	7	46	0.000269804	0.000269804	9.77894
11740000	535	37	71	89	0.000193368	0.000193368	8.59182
11756000	535	96	67	82	0.000228445	0.000228445	9.42218
11776000	535	89	37	52	0.000236709	0.000236709	9.77894
11820000	535	136	2	32	0.000140426	0.000140426	9.77894
11836000	535	6	131	5	0.00014491	0.00014491	9.69003
11842000	535	122	73	56	0.000552192	0.000552192	9.77894
11884000	535	87	67	66	0.000149301	0.000149301	8.91759
12058000	535	19	40	27	0.000368764	0.000368764	9.77894
12072000	535	60	48	14	0.000326306	0.000326306	9.77894
12078000	535	41	77	43	0.000176278	0.000176278	9.77894
12104000	535	98	31	1	0.000126898	0.000126898	9.77894
12160000	535	136	54	1	0.000111343	0.000111343	9.77894
12168000	535	118	41	11	0.000104192	0.000104192	8.46556
12182000	535	105	116	136	0.000247305	0.000247305	9.77894
12210000	535	91	118	78	8.29631e-05	8.29631e-05	9.77894
12254000	535	48	93	61	0.000162089	0.000162089	9.77894
12308000	535	128	29	127	0.000548943	0.000548943	9.77894
12310000	535	24	101	65	0.000114684	0.000114684	8.99572
12352000	535	4	114	33	0.000130182	0.000130182	9.05782
12472000	535	1	69	115	5.27828e-05	5.27828e-05	7.73268
12524000	535	135	47	1	5.365e-05	5.365e-05	9.77894
12616000	535	27	110	130	7.05296e-05	7.05296e-05	9.77894
12628000	535	81	99	28	0.00013161	0.00013161	9.77894
12814000	535	121	57	12	5.50953e-05	5.50953e-05	6.65077
12850000	535	78	67	130	0.000167861	0.000167861	9.77894
12864000	535	67	27	100	0.000149161	0.000149161	9.77894
12926000	535	108	121	53	8.80873e-05	8.80873e-05	7.9517
13022000	535	7	86	69	5.23642e-05	5.23642e-05	9.77894
13060000	535	16	14	81	0.00012731	0.00012731	8.94494
13136000	535	66	11	17	4.22073e-05	4.22073e-05	6.11612
13250000	535	120	66	137	8.2707e-05	8.2707e-05	8.27723
14364000	535	130	7	131	0.000171099	0.000171099	9.28108
14510000	535	9	39	121	4.85337e-05	4.85337e-05	7.10002
