time step	time (yr)	temp (°C)	Al eqm CAR (mol/cm^3)	Al in CAR (mol)	Al in CAP (mol)	Al in fluid (mol)	CAR (g)	CAP (g)	numPorph	Mean rxn aff (kJ/mol)
0	0	435.000000	5.60004e-07	0.0281063	0	0.000153931	8.49146	0	0	8.82153e-05
500	100000	436.000000	5.67147e-07	0.0281047	0	0.000155538	8.49098	0	0	0.137676
1000	200000	437.000000	5.74364e-07	0.028103	0	0.000157221	8.49047	0	0	0.280482
1500	300000	438.000000	5.81654e-07	0.0281012	0	0.000158962	8.48994	0	0	0.426976
2000	400000	439.000000	5.89018e-07	0.0280994	0	0.000160757	8.4894	0	0	0.576648
2500	500000	440.000000	5.96457e-07	0.0280976	0	0.000162603	8.48884	0	0	0.729201
3000	600000	441.000000	6.03971e-07	0.0280957	0	0.000164497	8.48827	0	0	0.884401
3500	700000	442.000000	6.11561e-07	0.0280938	0	0.000166437	8.48769	0	0	1.04204
4000	800000	443.000000	6.19227e-07	0.0280918	0	0.000168421	8.48709	0	0	1.2019
4500	900000	444.000000	6.2697e-07	0.0280897	0	0.000170449	8.48647	0	0	1.36378
5000	1000000	445.000000	6.34791e-07	0.0280877	1.28959e-08	0.000172517	8.48584	3.58634e-06	1	1.52748
5500	1100000	446.000000	6.42689e-07	0.0280856	1.4922e-08	0.000174625	8.48521	4.1498e-06	1	1.69281
6000	1200000	447.000000	6.50666e-07	0.0280834	2.97154e-08	0.00017677	8.48455	8.26386e-06	2	1.85957
6500	1300000	448.000000	6.58722e-07	0.0280812	4.81998e-08	0.000178952	8.48389	1.34044e-05	3	2.02758
7000	1400000	449.000000	6.66857e-07	0.0280789	5.69453e-08	0.000181168	8.48321	1.58365e-05	3	2.19669
7500	1500000	450.000000	6.75073e-07	0.0280767	8.10747e-08	0.000183417	8.48252	2.25469e-05	4	2.36673
8000	1600000	451.000000	6.8337e-07	0.0280743	1.10733e-07	0.000185698	8.48182	3.07948e-05	5	2.53756
8500	1700000	452.000000	6.91748e-07	0.028072	1.30653e-07	0.00018801	8.4811	3.63346e-05	5	2.70905
9000	1800000	453.000000	7.00208e-07	0.0280696	1.67504e-07	0.000190352	8.48038	4.65829e-05	6	2.88108
9500	1900000	454.000000	7.0875e-07	0.028067	2.70751e-07	0.000192722	8.47961	7.52957e-05	11	3.05355
10000	2000000	455.000000	7.17376e-07	0.0280645	3.28317e-07	0.00019512	8.47885	9.13049e-05	11	3.22638
10500	2100000	456.000000	7.26085e-07	0.0280619	4.15631e-07	0.000197544	8.47807	0.000115587	13	3.39946
11000	2200000	457.000000	7.34878e-07	0.0280593	5.26174e-07	0.000199995	8.47727	0.000146329	15	3.57275
11500	2300000	458.000000	7.43756e-07	0.0280565	6.53306e-07	0.000202472	8.47644	0.000181684	18	3.74615
12000	2400000	459.000000	7.5272e-07	0.0280538	7.91539e-07	0.000204973	8.4756	0.000220127	19	3.91964
12500	2500000	460.000000	7.61769e-07	0.0280509	9.42745e-07	0.000207498	8.47474	0.000262177	21	4.09309
13000	2600000	461.000000	7.70905e-07	0.028048	1.11694e-06	0.000210048	8.47386	0.000310621	22	4.26659
13500	2700000	462.000000	7.80128e-07	0.028045	1.31814e-06	0.000212622	8.47296	0.000366576	24	4.44009
14000	2800000	463.000000	7.89439e-07	0.0280418	1.61869e-06	0.000215219	8.472	0.000450157	31	4.61348
14500	2900000	464.000000	7.98839e-07	0.0280385	1.9804e-06	0.000217835	8.47099	0.000550748	37	4.78645
15000	3000000	465.000000	8.08327e-07	0.028035	2.40298e-06	0.000220474	8.46993	0.000668269	42	4.95933
15500	3100000	466.000000	8.17905e-07	0.0280313	2.92732e-06	0.000223136	8.4688	0.000814088	48	5.13216
16000	3200000	467.000000	8.27572e-07	0.0280273	3.55072e-06	0.000225822	8.4676	0.000987454	54	5.30485
16500	3300000	468.000000	8.37331e-07	0.0280231	4.27159e-06	0.000228533	8.46633	0.00118793	59	5.47758
17000	3400000	469.000000	8.47181e-07	0.0280186	5.09723e-06	0.000231269	8.46498	0.00141754	65	5.65031
17500	3500000	470.000000	8.57123e-07	0.0280139	6.00248e-06	0.000234029	8.46357	0.00166929	68	5.82291
18000	3600000	471.000000	8.67157e-07	0.028009	7.04434e-06	0.000236814	8.46206	0.00195903	74	5.99554
18500	3700000	472.000000	8.77285e-07	0.0280037	8.21617e-06	0.000239625	8.46046	0.00228492	79	6.16815
19000	3800000	473.000000	8.87506e-07	0.027998	9.53628e-06	0.00024246	8.45876	0.00265204	85	6.34069
19500	3900000	474.000000	8.97822e-07	0.0279919	1.10627e-05	0.00024532	8.45692	0.00307653	92	6.51312
20000	4000000	475.000000	9.08233e-07	0.0279853	1.2797e-05	0.000248205	8.45493	0.00355885	99	6.68553
20500	4100000	476.000000	9.18739e-07	0.0279783	1.47506e-05	0.000251116	8.45279	0.00410215	105	6.85795
21000	4200000	477.000000	9.29341e-07	0.0279708	1.6855e-05	0.00025405	8.45053	0.00468738	111	7.03019
21500	4300000	478.000000	9.40041e-07	0.0279626	1.93173e-05	0.000257003	8.44805	0.00537214	122	7.20197
22000	4400000	479.000000	9.50838e-07	0.0279539	2.19558e-05	0.000259975	8.44542	0.00610591	125	7.37337
22500	4500000	480.000000	9.61733e-07	0.0279445	2.489e-05	0.000262963	8.44261	0.0069219	134	7.54415
23000	4600000	481.000000	9.72726e-07	0.0279345	2.81619e-05	0.000265977	8.43956	0.00783181	139	7.71497
23500	4700000	482.000000	9.83819e-07	0.0279237	3.17424e-05	0.000269024	8.4363	0.00882756	145	7.88612
24000	4800000	483.000000	9.95012e-07	0.0279121	3.56781e-05	0.000272091	8.4328	0.00992207	151	8.05691
24500	4900000	484.000000	1.00631e-06	0.0278998	3.98841e-05	0.000275178	8.4291	0.0110918	156	8.22732
25000	5000000	485.000000	1.0177e-06	0.0278866	4.45755e-05	0.000278289	8.4251	0.0123965	166	8.39763
25500	5100000	486.000000	1.0292e-06	0.0278721	4.98507e-05	0.000281411	8.42073	0.0138635	175	8.56703
26000	5200000	487.000000	1.0408e-06	0.0278565	5.59551e-05	0.000284539	8.416	0.0155611	190	8.73539
26500	5300000	488.000000	1.0525e-06	0.0278398	6.27612e-05	0.000287708	8.41095	0.0174539	196	8.90443
27000	5400000	489.000000	1.06431e-06	0.0278222	7.04173e-05	0.000290905	8.40564	0.0195831	206	9.07348
27500	5500000	490.000000	1.07622e-06	0.0278035	7.90655e-05	0.00029413	8.4	0.0219881	218	9.24263
28000	5600000	491.000000	1.08823e-06	0.0277841	8.85179e-05	0.000297371	8.39412	0.0246168	221	9.4112
28500	5700000	492.000000	1.10035e-06	0.0277638	9.90058e-05	0.000300601	8.38801	0.0275335	229	9.57781
29000	5800000	493.000000	1.11258e-06	0.0277428	0.000110494	0.000303785	8.38166	0.0307284	236	9.74084
29500	5900000	494.000000	1.12492e-06	0.0277208	0.000122973	0.000307027	8.375	0.0341987	244	9.90548
30000	6000000	495.000000	1.13736e-06	0.0276975	0.000136644	0.000310298	8.36796	0.0380006	254	10.0703
30500	6100000	496.000000	1.14991e-06	0.0276731	0.000151366	0.000313559	8.36061	0.0420948	256	10.2334
31000	6200000	497.000000	1.16257e-06	0.0276478	0.000167239	0.000316843	8.35297	0.0465092	263	10.3962
31500	6300000	498.000000	1.17534e-06	0.0276214	0.000184561	0.000320147	8.34498	0.0513265	273	10.5587
32000	6400000	499.000000	1.18822e-06	0.0275934	0.000203658	0.000323385	8.33653	0.0566374	283	10.7169
32500	6500000	500.000000	1.20121e-06	0.0275637	0.000224579	0.000326654	8.32753	0.0624554	294	10.8753
33000	6600000	501.000000	1.21431e-06	0.0275313	0.000247805	0.000329957	8.31775	0.0689145	308	11.034
33500	6700000	502.000000	1.22753e-06	0.0274953	0.000274234	0.000333298	8.30687	0.0762646	318	11.1932
34000	6800000	503.000000	1.24085e-06	0.0274546	0.000304762	0.000336721	8.29459	0.0847544	330	11.355
34500	6900000	504.000000	1.25429e-06	0.0274094	0.000339248	0.00034012	8.28094	0.0943448	342	11.5144
35000	7000000	505.000000	1.26785e-06	0.0273599	0.000377723	0.000343521	8.26596	0.105045	352	11.6727
35500	7100000	506.000000	1.28152e-06	0.0273069	0.000419808	0.000347005	8.24997	0.116749	358	11.8336
36000	7200000	507.000000	1.29531e-06	0.0272505	0.00046598	0.000350428	8.23291	0.129589	369	11.9903
36500	7300000	508.000000	1.30921e-06	0.0271892	0.000517153	0.000353791	8.2144	0.14382	380	12.1431
37000	7400000	509.000000	1.32323e-06	0.0271226	0.000574132	0.000357173	8.19428	0.159666	389	12.2955
37500	7500000	510.000000	1.33737e-06	0.0270509	0.00063694	0.000360489	8.17263	0.177133	397	12.4438
38000	7600000	511.000000	1.35162e-06	0.0269742	0.00070515	0.000363779	8.14945	0.196102	406	12.59
38500	7700000	512.000000	1.366e-06	0.0268913	0.000779009	0.000367131	8.12441	0.216642	416	12.738
39000	7800000	513.000000	1.38049e-06	0.0268023	0.000859295	0.000370475	8.0975	0.23897	422	12.8842
39500	7900000	514.000000	1.39511e-06	0.0267054	0.000947486	0.000373841	8.06822	0.263496	428	13.0301
40000	8000000	515.000000	1.40984e-06	0.0265992	0.00104493	0.000377062	8.03614	0.290595	439	13.1684
40500	8100000	516.000000	1.4247e-06	0.0264824	0.0011525	0.000380305	8.00087	0.320511	452	13.3069
41000	8200000	517.000000	1.43968e-06	0.0263564	0.00126896	0.000383617	7.9628	0.352898	462	13.4475
41500	8300000	518.000000	1.45478e-06	0.0262211	0.0013951	0.000386921	7.92193	0.387977	467	13.5863
42000	8400000	519.000000	1.47001e-06	0.0260709	0.00153652	0.000390012	7.87653	0.427307	481	13.7137
42500	8500000	520.000000	1.48536e-06	0.0259042	0.00169452	0.000393164	7.82619	0.471247	486	13.8432
43000	8600000	521.000000	1.50084e-06	0.0257244	0.00186626	0.000396327	7.77186	0.519007	491	13.9719
43500	8700000	522.000000	1.51644e-06	0.0255259	0.00205746	0.000399295	7.7119	0.572181	498	14.0902
44000	8800000	523.000000	1.53217e-06	0.0253077	0.00226851	0.000402286	7.64598	0.630872	507	14.2097
44500	8900000	524.000000	1.54802e-06	0.025073	0.00249611	0.000405197	7.57506	0.694169	514	14.3246
45000	9000000	525.000000	1.56401e-06	0.0248201	0.00274155	0.000408024	7.49864	0.762424	526	14.435
45500	9100000	526.000000	1.58012e-06	0.0245461	0.00300714	0.000410723	7.41586	0.836286	536	14.5391
46000	9200000	527.000000	1.59637e-06	0.0242511	0.00329313	0.000413268	7.32675	0.91582	546	14.6358
46500	9300000	528.000000	1.61274e-06	0.0239348	0.003601	0.000415835	7.23118	1.00144	555	14.7324
47000	9400000	529.000000	1.62924e-06	0.023592	0.00393443	0.000418067	7.12761	1.09417	570	14.8131
47500	9500000	530.000000	1.64588e-06	0.0232235	0.00429471	0.000420051	7.01627	1.19436	576	14.8828
48000	9600000	531.000000	1.66264e-06	0.0228275	0.00468399	0.000421698	6.89665	1.30262	587	14.9351
48500	9700000	532.000000	1.67954e-06	0.0223962	0.00510815	0.000423119	6.76634	1.42058	598	14.9776
49000	9800000	533.000000	1.69658e-06	0.0219333	0.00556338	0.000424465	6.62648	1.54717	608	15.0166
49500	9900000	534.000000	1.71375e-06	0.0214352	0.0060541	0.000425589	6.476	1.68365	617	15.0453
50000	10000000	535.000000	1.73105e-06	0.0209048	0.00657821	0.000426421	6.31576	1.8294	628	15.0615
50500	10100000	535.000000	1.7316e-06	0.0203579	0.0071229	0.00042338	6.15052	1.98088	634	14.9265
51000	10200000	535.000000	1.73216e-06	0.0198007	0.00767887	0.000420051	5.9822	2.13549	647	14.7768
51500	10300000	535.000000	1.73271e-06	0.0192313	0.00824664	0.000416685	5.81017	2.29339	655	14.6248
52000	10400000	535.000000	1.73326e-06	0.0186525	0.00882401	0.000413242	5.63529	2.45396	663	14.4693
52500	10500000	535.000000	1.73382e-06	0.0180678	0.00940747	0.000409562	5.45864	2.61622	673	14.3021
53000	10600000	535.000000	1.73437e-06	0.0174813	0.00999265	0.000405822	5.28145	2.77896	682	14.1318
53500	10700000	535.000000	1.73493e-06	0.0168932	0.0105792	0.000401871	5.10377	2.94209	696	13.95
54000	10800000	535.000000	1.73548e-06	0.0162999	0.0111692	0.000397828	4.92452	3.10616	710	13.7635
54500	10900000	535.000000	1.73603e-06	0.0157075	0.0117587	0.000393694	4.74554	3.2701	718	13.5723
55000	11000000	535.000000	1.73659e-06	0.0151153	0.0123491	0.000389228	4.56664	3.4343	729	13.3627
55500	11100000	535.000000	1.73714e-06	0.014525	0.0129375	0.000384788	4.38828	3.59791	741	13.1537
56000	11200000	535.000000	1.7377e-06	0.0139362	0.0135239	0.00038008	4.2104	3.76101	754	12.9295
56500	11300000	535.000000	1.73825e-06	0.0133544	0.0141052	0.000375386	4.03464	3.92265	756	12.7056
57000	11400000	535.000000	1.73881e-06	0.0127802	0.0146801	0.000370708	3.86116	4.08254	766	12.4812
57500	11500000	535.000000	1.73936e-06	0.0122113	0.0152492	0.00036582	3.68927	4.24079	777	12.244
58000	11600000	535.000000	1.73992e-06	0.0116493	0.0158115	0.000360935	3.5195	4.39718	781	12.006
58500	11700000	535.000000	1.74048e-06	0.011096	0.016366	0.000355773	3.35232	4.55138	794	11.752
59000	11800000	535.000000	1.74103e-06	0.010553	0.0169095	0.000350601	3.18827	4.70252	799	11.4957
59500	11900000	535.000000	1.74159e-06	0.0100208	0.0174425	0.000345283	3.02749	4.85077	810	11.2293
60000	12000000	535.000000	1.74214e-06	0.00949807	0.017965	0.000339997	2.86956	4.99606	820	10.9629
60500	12100000	535.000000	1.7427e-06	0.00898861	0.0184739	0.000334775	2.71564	5.1376	827	10.699
61000	12200000	535.000000	1.74326e-06	0.00849298	0.0189704	0.000329514	2.5659	5.27568	838	10.4323
61500	12300000	535.000000	1.74381e-06	0.00800807	0.0194557	0.000324242	2.4194	5.41063	849	10.1637
62000	12400000	535.000000	1.74437e-06	0.00753709	0.019927	0.000318706	2.27711	5.54169	855	9.88037
62500	12500000	535.000000	1.74493e-06	0.00708163	0.0203844	0.000313087	2.1395	5.66889	860	9.58998
63000	12600000	535.000000	1.74549e-06	0.00664373	0.0208256	0.000307062	2.00721	5.79159	864	9.27245
63500	12700000	535.000000	1.74604e-06	0.00622354	0.0212492	0.00030129	1.88026	5.90941	867	8.96524
64000	12800000	535.000000	1.7466e-06	0.0058207	0.0216557	0.000295519	1.75855	6.02244	871	8.65657
64500	12900000	535.000000	1.74716e-06	0.00543551	0.0220446	0.000289702	1.64218	6.13059	875	8.34012
65000	13000000	535.000000	1.74772e-06	0.0050675	0.0224159	0.000284101	1.53099	6.23386	879	8.034
65500	13100000	535.000000	1.74828e-06	0.00471513	0.0227712	0.000278528	1.42453	6.33267	885	7.73099
66000	13200000	535.000000	1.74883e-06	0.00437961	0.02311	0.000272824	1.32317	6.42688	891	7.41532
66500	13300000	535.000000	1.74939e-06	0.00406191	0.0234309	0.000266883	1.22718	6.51613	895	7.08039
67000	13400000	535.000000	1.74995e-06	0.00376292	0.023733	0.000261014	1.13685	6.60014	899	6.74618
67500	13500000	535.000000	1.75051e-06	0.00348137	0.0240175	0.000255419	1.05179	6.67928	903	6.42566
68000	13600000	535.000000	1.75107e-06	0.00321692	0.0242847	0.00025012	0.971896	6.75359	906	6.11946
68500	13700000	535.000000	1.75163e-06	0.00296816	0.0245365	0.000244966	0.896741	6.82359	912	5.81889
69000	13800000	535.000000	1.75219e-06	0.00273286	0.0247738	0.000239977	0.825651	6.88959	920	5.52573
69500	13900000	535.000000	1.75275e-06	0.00251143	0.0249966	0.000235317	0.758753	6.95157	924	5.25064
70000	14000000	535.000000	1.75331e-06	0.00230538	0.0252053	0.00023064	0.696501	7.00959	926	4.97109
70500	14100000	535.000000	1.75387e-06	0.00211253	0.0254005	0.000226363	0.638238	7.06388	929	4.71676
71000	14200000	535.000000	1.75443e-06	0.00193194	0.0255835	0.000222098	0.583678	7.11477	929	4.46037
71500	14300000	535.000000	1.75499e-06	0.00176503	0.0257537	0.000217764	0.533252	7.16212	930	4.19511
72000	14400000	535.000000	1.75555e-06	0.0016104	0.0259114	0.000213644	0.486535	7.20596	934	3.94295
72500	14500000	535.000000	1.75611e-06	0.00146723	0.0260571	0.000209526	0.44328	7.24649	936	3.68587
73000	14600000	535.000000	1.75667e-06	0.00133587	0.0261912	0.0002056	0.403593	7.28376	939	3.43779
73500	14700000	535.000000	1.75723e-06	0.00121521	0.0263143	0.000201852	0.36714	7.318	941	3.1997
74000	14800000	535.000000	1.75779e-06	0.00110346	0.0264277	0.000198574	0.333378	7.34955	943	2.99545
74500	14900000	535.000000	1.75835e-06	0.00100059	0.0265322	0.000195305	0.302297	7.3786	947	2.79039
75000	15000000	535.000000	1.75892e-06	0.0009069	0.0266276	0.000192263	0.273993	7.40513	952	2.59485
75500	15100000	535.000000	1.75948e-06	0.000820934	0.0267152	0.000189532	0.248021	7.42949	953	2.42177
76000	15200000	535.000000	1.76004e-06	0.000741418	0.0267962	0.000187121	0.223997	7.45202	955	2.26995
76500	15300000	535.000000	1.7606e-06	0.00066795	0.0268709	0.00018478	0.201801	7.47281	958	2.12211
77000	15400000	535.000000	1.76116e-06	0.000600186	0.0269398	0.000182607	0.181328	7.49195	959	1.98347
77500	15500000	535.000000	1.76173e-06	0.000537979	0.0270031	0.000180473	0.162534	7.50956	961	1.84819
78000	15600000	535.000000	1.76229e-06	0.000481515	0.0270607	0.000178267	0.145475	7.52558	963	1.70578
78500	15700000	535.000000	1.76285e-06	0.000430618	0.0271128	0.000175924	0.130098	7.54006	967	1.55082
79000	15800000	535.000000	1.76342e-06	0.000386626	0.0271584	0.000173207	0.116807	7.55275	968	1.36318
79500	15900000	535.000000	1.76398e-06	0.000350251	0.0271969	0.000170474	0.105818	7.56345	968	1.16253
80000	16000000	535.000000	1.76454e-06	0.000319629	0.0272291	0.000168419	0.0965663	7.5724	969	1.0102
80500	16100000	535.000000	1.76511e-06	0.00029281	0.0272569	0.000167008	0.0884638	7.58014	970	0.906458
81000	16200000	535.000000	1.76567e-06	0.00026788	0.0272822	0.000165918	0.0809319	7.58718	971	0.8301
81500	16300000	535.000000	1.76623e-06	0.000245194	0.0273053	0.000164887	0.074078	7.5936	973	0.757328
82000	16400000	535.000000	1.7668e-06	0.000224096	0.0273265	0.00016402	0.067704	7.59951	974	0.696534
82500	16500000	535.000000	1.76736e-06	0.000204896	0.027346	0.000163267	0.0619032	7.60492	974	0.645293
83000	16600000	535.000000	1.76793e-06	0.0001874	0.027364	0.000162587	0.0566173	7.60993	974	0.598831
83500	16700000	535.000000	1.76849e-06	0.000171439	0.0273805	0.000161988	0.0517953	7.61451	974	0.55732
84000	16800000	535.000000	1.76906e-06	0.000156469	0.0273958	0.000161527	0.0472725	7.61878	974	0.527469
84500	16900000	535.000000	1.76962e-06	0.000142366	0.0274103	0.000161075	0.0430117	7.6228	975	0.498381
85000	17000000	535.000000	1.77019e-06	0.000129233	0.0274237	0.000160624	0.039044	7.62653	975	0.468913
85500	17100000	535.000000	1.77075e-06	0.000117136	0.0274361	0.000160177	0.035389	7.62998	975	0.43936
86000	17200000	535.000000	1.77132e-06	0.000106041	0.0274475	0.000159722	0.0320373	7.63316	975	0.408287
86500	17300000	535.000000	1.77188e-06	9.60111e-05	0.0274579	0.000159268	0.0290069	7.63604	975	0.376177
87000	17400000	535.000000	1.77245e-06	8.69911e-05	0.0274672	0.000158844	0.0262818	7.63864	975	0.345494
87500	17500000	535.000000	1.77302e-06	7.86698e-05	0.0274758	0.000158543	0.0237677	7.64101	975	0.325496
88000	17600000	535.000000	1.77358e-06	7.09283e-05	0.0274837	0.000158273	0.0214289	7.64322	975	0.307997
88500	17700000	535.000000	1.77415e-06	6.37191e-05	0.0274911	0.00015801	0.0192508	7.64527	975	0.291045
89000	17800000	535.000000	1.77472e-06	5.70408e-05	0.027498	0.000157743	0.0172332	7.64719	975	0.273468
89500	17900000	535.000000	1.77528e-06	5.09253e-05	0.0275044	0.000157477	0.0153856	7.64896	975	0.256374
90000	18000000	535.000000	1.77585e-06	4.52823e-05	0.0275102	0.00015724	0.0136807	7.65059	975	0.240765
90500	18100000	535.000000	1.77642e-06	3.99462e-05	0.0275157	0.000157001	0.0120686	7.65211	976	0.22489
91000	18200000	535.000000	1.77698e-06	3.46116e-05	0.0275209	0.00015676	0.0104569	7.65357	976	0.208525
91500	18300000	535.000000	1.77755e-06	2.99081e-05	0.0275257	0.000156511	0.00903584	7.65489	976	0.191359
92000	18400000	535.000000	1.77812e-06	2.58663e-05	0.02753	0.000156261	0.00781473	7.65608	976	0.173379
92500	18500000	535.000000	1.77869e-06	2.22217e-05	0.0275338	0.000156046	0.00671362	7.65715	976	0.158342
93000	18600000	535.000000	1.77926e-06	1.84685e-05	0.0275375	0.00015578	0.0055797	7.65819	977	0.139096
93500	18700000	535.000000	1.77982e-06	1.4986e-05	0.0275409	0.000155582	0.00452758	7.65913	978	0.125051
94000	18800000	535.000000	1.78039e-06	1.18554e-05	0.0275441	0.000155399	0.00358174	7.66001	979	0.111869
94500	18900000	535.000000	1.78096e-06	8.63745e-06	0.0275471	0.000155238	0.00260955	7.66084	979	0.101125
95000	19000000	535.000000	1.78153e-06	6.05797e-06	0.0275497	0.000155041	0.00183023	7.66157	979	0.0875332
95500	19100000	535.000000	1.7821e-06	3.90774e-06	0.027552	0.000154845	0.00118061	7.66222	979	0.0736444
96000	19200000	535.000000	1.78267e-06	2.16436e-06	0.0275539	0.000154651	0.000653897	7.66275	979	0.0594343
96500	19300000	535.000000	1.78324e-06	9.59869e-07	0.0275554	0.000154402	0.000289996	7.66316	979	0.0400143
97000	19400000	535.000000	1.78381e-06	2.96951e-07	0.0275563	0.000154187	8.97148e-05	7.6634	979	0.0224194
97500	19500000	535.000000	1.78438e-06	2.08711e-08	0.0275567	0.000154024	6.30558e-06	7.66352	979	0.00856156
98000	19600000	535.000000	1.78495e-06	0	0.0275568	0.000153937	0	7.66355	979	0.000644175
98001	19600200	535.000000	1.78495e-06	0	0.0275568	0.000153937	0	7.66355	979	0.000640386
