Integrate from Crystallize 1.4
Run name:	PM4_120619_1554_rnd1
Number of crystals:	979
Total volume:	22.9063
Bounds:	0.0	0.0	0.0	2.84	2.84	2.84
1	0.8000	2.3600	0.3000	0.08635	976000	444.76
2	0.7000	1.0200	0.6800	0.08657	1198400	446.984
3	0.2200	2.1000	0.4600	0.07559	1269200	447.692
4	1.8800	0.9400	2.1600	0.08519	1442000	449.42
5	2.3600	0.6800	1.4400	0.08778	1523800	450.238
6	0.3200	1.3800	1.0200	0.07975	1744800	452.448
7	2.5600	0.3400	0.9600	0.09156	1831400	453.314
8	1.8600	0.2600	1.5600	0.09002	1842400	453.424
9	0.1000	0.1200	0.9400	0.09023	1844200	453.442
10	1.8200	0.0600	1.0000	0.07626	1845000	453.45
11	0.6800	1.7200	1.0800	0.08283	1890000	453.9
12	2.0000	1.3000	0.4800	0.10619	2088000	455.88
13	1.0200	1.3200	2.5000	0.07906	2097000	455.97
14	2.5600	0.9000	1.3000	0.11232	2133400	456.334
15	0.6600	1.3000	2.5600	0.08765	2139600	456.396
16	0.3200	1.8000	0.2000	0.10237	2255800	457.558
17	1.6600	1.9600	1.4000	0.07262	2255800	457.558
18	2.5000	2.0800	1.8200	0.09750	2286200	457.862
19	2.4400	0.5400	1.6600	0.07601	2353400	458.534
20	1.5400	1.6600	1.1600	0.06666	2405600	459.056
21	2.2000	2.5600	2.7000	0.08373	2492800	459.928
22	0.2600	2.3800	0.2200	0.09040	2532600	460.326
23	2.2400	0.0200	2.7800	0.06044	2661600	461.616
24	2.7600	0.0400	1.9800	0.07539	2694200	461.942
25	2.3800	2.2000	2.5000	0.09507	2707400	462.074
26	0.7600	1.5400	2.0600	0.08442	2711000	462.11
27	0.5600	1.4800	0.9800	0.08183	2723600	462.236
28	1.5000	0.1400	2.8000	0.05184	2727600	462.276
29	0.1800	2.6800	0.7600	0.08514	2730800	462.308
30	1.0800	0.2400	0.0400	0.06790	2797600	462.976
31	1.3200	1.9600	2.2200	0.04663	2798000	462.98
32	1.2400	0.7600	1.8800	0.06121	2804800	463.048
33	2.5400	1.9800	2.5000	0.08246	2822600	463.226
34	1.3800	1.8400	2.2000	0.05228	2827800	463.278
35	2.6200	2.0200	2.0400	0.08891	2837800	463.378
36	0.3200	0.4400	2.7600	0.09377	2857200	463.572
37	0.9800	2.0400	0.1000	0.07799	2875800	463.758
38	1.2000	2.1000	0.0800	0.05086	2916400	464.164
39	0.9200	1.9000	2.1400	0.08688	2938000	464.38
40	0.2400	1.4800	1.8200	0.09479	2979400	464.794
41	0.6200	0.2600	1.5600	0.09934	2987400	464.874
42	2.4200	0.4000	1.7200	0.08024	2995000	464.95
43	1.0200	1.9000	2.1600	0.06982	3004800	465.048
44	2.6600	2.6400	1.2200	0.11328	3023800	465.238
45	1.2400	0.4600	0.0400	0.05341	3051000	465.51
46	0.4800	1.4200	0.3000	0.10445	3054600	465.546
47	0.6600	1.3000	1.8400	0.08302	3065400	465.654
48	2.0600	0.5600	2.6200	0.09049	3085400	465.854
49	2.2000	0.3800	2.5400	0.08656	3108000	466.08
50	0.7000	1.1000	0.4600	0.09659	3110400	466.104
51	1.5600	0.0400	2.5200	0.05995	3123400	466.234
52	0.4200	1.3200	2.5600	0.09762	3136800	466.368
53	2.4400	1.2400	2.2000	0.09748	3168400	466.684
54	0.4600	2.3400	1.5800	0.09397	3191000	466.91
55	0.4000	2.7200	1.5000	0.08722	3205800	467.058
56	1.9600	2.6400	0.4600	0.08831	3212000	467.12
57	1.7600	1.0600	1.7400	0.08573	3237600	467.376
58	2.6200	1.4400	1.7600	0.10123	3271600	467.716
59	2.8000	1.4800	2.7600	0.07139	3284200	467.842
60	1.7200	1.1600	2.5200	0.07290	3301600	468.016
61	1.9600	1.1400	1.2200	0.10046	3304400	468.044
62	0.4200	2.1000	1.3800	0.09026	3330800	468.308
63	2.8000	1.8400	2.4600	0.07291	3353600	468.536
64	1.2000	0.1600	1.7600	0.05926	3392400	468.924
65	0.4400	1.0000	1.9600	0.08835	3393800	468.938
66	0.3400	0.5800	0.1800	0.12369	3401600	469.016
67	0.0800	2.7200	0.2400	0.07949	3417800	469.178
68	1.8000	1.8600	2.0400	0.08082	3475200	469.752
69	2.4600	1.7000	0.4200	0.09829	3534800	470.348
70	1.7800	1.3800	0.0600	0.07368	3540000	470.4
71	1.0400	0.1600	1.3800	0.08086	3541200	470.412
72	2.1400	0.7600	0.1800	0.11257	3551800	470.518
73	2.2200	0.0800	1.1400	0.08872	3572200	470.722
74	0.1400	2.3000	2.3400	0.08946	3591000	470.91
75	0.0800	2.5000	0.5800	0.07579	3616000	471.16
76	2.0200	2.4600	2.2000	0.08472	3643000	471.43
77	2.3200	1.7600	0.3600	0.08721	3651400	471.514
78	0.5200	2.6600	0.8200	0.08511	3683600	471.836
79	2.6000	1.4400	0.0200	0.09226	3687200	471.872
80	2.5000	2.0600	2.4000	0.07669	3725400	472.254
81	1.0600	0.5800	0.5000	0.07126	3737800	472.378
82	2.0200	2.1600	0.3400	0.09846	3742000	472.42
83	1.1400	1.0400	0.6200	0.07170	3778400	472.784
84	2.6600	0.3000	1.9000	0.09937	3786600	472.866
85	2.1600	0.8800	1.9400	0.08857	3793200	472.932
86	1.0600	1.7600	0.8400	0.08348	3801200	473.012
87	0.2400	1.8200	2.0000	0.08716	3804800	473.048
88	2.5200	2.5800	2.8000	0.05389	3843200	473.432
89	0.1000	0.6200	2.2600	0.08701	3845400	473.454
90	1.6800	2.2000	2.6800	0.07894	3864800	473.648
91	0.8200	0.3400	0.2600	0.10273	3882000	473.82
92	2.1200	0.1600	1.8600	0.09479	3885600	473.856
93	1.9600	1.5600	2.1000	0.08252	3908200	474.082
94	2.2000	2.7400	2.6400	0.08247	3920000	474.2
95	2.1200	0.8000	1.0000	0.10511	3927200	474.272
96	2.0600	0.9400	2.5200	0.10102	3964600	474.646
97	2.5000	2.3600	0.9400	0.11343	3975800	474.758
98	0.2800	0.3600	2.1400	0.09328	3985000	474.85
99	1.0400	1.2600	0.9000	0.08117	3994200	474.942
100	0.4000	1.1800	0.7600	0.08026	4002000	475.02
101	0.8000	0.8800	2.3600	0.08611	4023600	475.236
102	0.6600	2.2200	0.5600	0.07741	4044400	475.444
103	2.0000	0.7400	1.5000	0.09759	4052400	475.524
104	2.6800	1.7400	1.0200	0.10410	4054600	475.546
105	1.9000	2.6000	2.6600	0.08988	4081800	475.818
106	1.6800	0.0600	0.3800	0.07186	4144800	476.448
107	2.5800	1.2000	2.6400	0.10560	4150600	476.506
108	0.8800	2.3400	1.0600	0.08415	4153400	476.534
109	1.6600	1.7000	0.5000	0.07337	4157800	476.578
110	0.3400	2.5400	0.7200	0.08538	4171600	476.716
111	1.1200	1.9800	2.3200	0.06350	4188600	476.886
112	0.1400	2.2800	0.4400	0.07416	4210800	477.108
113	1.7600	2.2800	2.0000	0.07724	4212000	477.12
114	1.6000	2.5200	0.9000	0.06675	4219200	477.192
115	2.3400	2.5600	2.1200	0.10389	4226600	477.266
116	2.0400	2.6000	1.1200	0.09213	4237200	477.372
117	1.5600	2.6400	0.4000	0.05867	4238400	477.384
118	0.3600	1.6800	2.2600	0.07481	4265800	477.658
119	0.8800	2.4400	1.2600	0.08464	4277000	477.77
120	1.0200	2.6600	0.1800	0.08569	4280200	477.802
121	0.8600	0.0800	1.9800	0.08404	4287800	477.878
122	1.4000	2.4400	1.7000	0.06230	4296400	477.964
123	2.5800	1.4800	2.3400	0.10191	4348800	478.488
124	1.6400	0.1400	1.8400	0.07236	4353000	478.53
125	1.5600	0.9800	1.4000	0.06955	4374600	478.746
126	1.4800	2.3200	1.9200	0.05299	4406600	479.066
127	2.0400	0.1400	1.4800	0.09244	4417800	479.178
128	1.1400	1.8400	0.2400	0.05679	4423800	479.238
129	1.6600	1.5800	2.4000	0.07012	4447400	479.474
130	1.4800	2.0200	1.3800	0.05497	4460200	479.602
131	0.2800	0.6000	2.0200	0.08641	4460400	479.604
132	2.7200	1.9600	1.5400	0.08043	4467200	479.672
133	2.2800	1.2800	1.1400	0.09532	4492600	479.926
134	0.0400	1.0000	0.5800	0.09094	4495800	479.958
135	0.7600	2.4800	0.5800	0.08506	4504600	480.046
136	0.2200	2.1600	2.0200	0.09543	4520200	480.202
137	1.3800	0.6600	2.1600	0.05390	4534600	480.346
138	1.8400	0.5000	1.7400	0.08466	4556200	480.562
139	2.3200	0.0600	2.3400	0.07887	4591400	480.914
140	0.1400	1.0200	1.8400	0.10136	4621200	481.212
141	1.8600	2.5200	0.3000	0.09646	4621400	481.214
142	2.2600	1.2600	0.5800	0.09657	4630200	481.302
143	1.0400	2.4600	2.4400	0.06451	4681600	481.816
144	0.5800	2.7600	0.8800	0.08071	4686400	481.864
145	0.5200	1.3400	0.7800	0.08224	4688800	481.888
146	1.4200	2.2600	2.0200	0.05266	4705600	482.056
147	1.0200	0.2600	2.4400	0.06792	4710400	482.104
148	0.0800	1.0400	1.4400	0.09980	4718200	482.182
149	0.1600	1.3000	1.2800	0.09609	4724400	482.244
150	1.5800	0.8800	2.1600	0.05387	4752200	482.522
151	1.3800	0.2600	2.5800	0.05321	4761600	482.616
152	0.3200	2.7800	1.5000	0.08009	4809600	483.096
153	1.4600	1.7200	0.2200	0.05116	4845400	483.454
154	1.5600	2.7000	0.0600	0.06352	4854000	483.54
155	0.8400	1.9200	0.9400	0.09346	4861200	483.612
156	1.1800	0.8000	0.2400	0.06952	4882000	483.82
157	2.4600	0.9800	1.7600	0.09708	4906400	484.064
158	0.0600	2.7400	2.6200	0.07941	4934000	484.34
159	0.1200	1.5400	1.6000	0.09708	4940200	484.402
160	1.5600	1.0000	0.7200	0.06619	4943800	484.438
161	2.2400	1.3400	2.8000	0.07482	4959200	484.592
162	2.1400	2.0200	2.1200	0.09390	4974200	484.742
163	0.5000	2.6000	1.5600	0.09143	4978400	484.784
164	0.8400	1.1400	0.8400	0.08392	4988800	484.888
165	1.1600	0.9200	2.3200	0.05532	4993800	484.938
166	2.5200	0.4000	2.3200	0.08512	4994000	484.94
167	2.1600	0.4400	1.2000	0.09988	5003400	485.034
168	1.3200	0.2000	2.6600	0.05311	5008400	485.084
169	0.9800	0.7400	0.4200	0.07687	5019600	485.196
170	1.3200	2.4600	1.2600	0.06503	5022600	485.226
171	1.5400	0.3600	1.6800	0.05854	5032600	485.326
172	0.8800	2.3200	0.2200	0.07575	5038400	485.384
173	2.3600	0.8000	1.5400	0.08244	5070600	485.706
174	2.2000	2.1200	1.1000	0.10350	5071200	485.712
175	1.3600	1.9800	0.5400	0.05615	5099600	485.996
176	1.4400	0.0400	0.5800	0.05663	5112200	486.122
177	0.1400	1.9600	2.3000	0.08362	5113600	486.136
178	0.2800	1.9600	2.7000	0.09813	5114000	486.14
179	1.1600	1.6400	2.5000	0.06060	5116200	486.162
180	2.4000	2.4800	2.7000	0.08407	5116200	486.162
181	1.7800	2.5000	2.0000	0.08082	5131600	486.316
182	1.5400	1.7000	0.3600	0.05210	5139600	486.396
183	0.4800	1.4000	1.0200	0.07045	5157200	486.572
184	2.4600	0.9800	2.0600	0.09618	5163800	486.638
185	0.8000	1.5200	1.8400	0.07924	5164200	486.642
186	0.8600	0.6000	0.3200	0.08903	5175200	486.752
187	0.4800	2.0200	0.0800	0.09123	5176800	486.768
188	1.3200	1.3000	2.7000	0.05900	5179000	486.79
189	0.4200	0.9200	2.0600	0.07983	5181600	486.816
190	0.8200	1.6800	1.2000	0.08793	5188400	486.884
191	0.3800	0.2000	0.2200	0.11778	5211400	487.114
192	2.3200	1.2200	1.6000	0.08932	5213200	487.132
193	0.4800	2.0400	1.8600	0.09497	5237600	487.376
194	2.6000	2.5800	2.7600	0.08982	5269800	487.698
195	0.1800	0.5800	2.6000	0.08699	5284400	487.844
196	2.7000	1.8400	0.2000	0.10832	5299400	487.994
197	1.0200	0.5000	2.4800	0.07131	5312200	488.122
198	1.4800	0.6000	1.6200	0.05686	5314000	488.14
199	2.4800	0.3600	1.0200	0.07307	5321000	488.21
200	0.0400	1.3800	0.8400	0.08110	5340200	488.402
201	2.4000	1.7600	1.2600	0.09968	5351000	488.51
202	0.7000	0.4600	0.4800	0.08505	5360400	488.604
203	0.2800	0.7400	2.7800	0.07398	5381000	488.81
204	2.5800	0.7200	0.3400	0.11297	5387200	488.872
205	0.5600	1.1200	0.8800	0.07939	5391200	488.912
206	2.5400	1.7800	2.5800	0.09343	5391600	488.916
207	2.8000	2.4200	1.6800	0.07350	5412600	489.126
208	0.4000	0.9600	1.1000	0.09488	5422200	489.222
209	0.2800	2.4200	2.6600	0.10568	5423800	489.238
210	2.6600	1.6600	1.5000	0.09566	5445600	489.456
211	0.2400	0.1000	1.7800	0.09374	5459800	489.598
212	1.6800	2.7200	0.5600	0.06673	5460400	489.604
213	1.6600	2.3800	2.4200	0.06835	5470000	489.7
214	2.5000	0.5000	2.1000	0.08287	5473000	489.73
215	1.6800	2.4200	0.7400	0.06823	5480200	489.802
216	0.5400	2.2400	1.4000	0.08244	5484400	489.844
217	1.8400	2.5200	0.7800	0.08681	5485600	489.856
218	0.7200	1.7600	0.5800	0.09857	5499600	489.996
219	1.2600	0.6600	0.6600	0.05911	5528800	490.288
220	1.2400	1.3000	0.8000	0.05815	5547800	490.478
221	0.4000	1.9400	2.1400	0.08580	5596600	490.966
222	1.8600	0.5600	0.6600	0.08652	5603600	491.036
223	2.3400	0.5600	2.0800	0.08676	5614000	491.14
224	0.5400	1.8400	1.7200	0.08364	5622000	491.22
225	1.1800	2.4800	0.9600	0.05976	5626000	491.26
226	2.0400	2.7000	0.5200	0.09655	5659400	491.594
227	0.4600	2.2800	2.2200	0.10177	5665800	491.658
228	2.5400	2.5600	1.7200	0.11065	5666000	491.66
229	0.9200	2.0800	1.5200	0.08953	5683400	491.834
230	0.5200	2.1600	0.5600	0.07017	5714800	492.148
231	1.3800	2.2000	1.5200	0.05524	5726600	492.266
232	0.6200	1.8200	2.6000	0.09295	5726800	492.268
233	1.6200	0.8800	2.4000	0.06079	5729400	492.294
234	2.0000	2.1000	1.0200	0.08399	5732400	492.324
235	1.2800	1.9800	2.2800	0.04226	5733800	492.338
236	0.2600	1.6800	2.1400	0.07283	5797200	492.972
237	2.4800	0.4200	1.0200	0.07861	5819800	493.198
238	1.8200	2.0800	1.1000	0.08443	5824800	493.248
239	1.4000	0.7000	1.0400	0.06554	5825000	493.25
240	0.0600	2.6800	2.3200	0.08069	5863400	493.634
241	1.7600	0.5200	0.7000	0.07423	5868400	493.684
242	1.9800	0.7600	2.3800	0.08866	5870000	493.7
243	0.4800	0.3000	1.8800	0.08859	5886600	493.866
244	1.5200	0.4400	0.5800	0.05842	5890400	493.904
245	1.8000	0.9000	1.9600	0.07194	5902200	494.022
246	0.0600	2.8000	0.3800	0.04479	5917600	494.176
247	1.4200	1.8000	1.1400	0.05681	5937400	494.374
248	1.2200	0.1400	2.2200	0.05692	5971000	494.71
249	2.7400	1.9400	1.4200	0.08551	5974800	494.748
250	0.2800	0.6600	1.1200	0.08843	5975800	494.758
251	0.6200	1.5400	2.0400	0.07168	5981800	494.818
252	1.2400	1.8200	1.8800	0.06117	5986400	494.864
253	2.5800	2.4200	0.4800	0.10879	5990400	494.904
254	0.0200	0.5400	1.4600	0.08869	5990800	494.908
255	2.4200	0.2800	2.2600	0.07605	6079800	495.798
256	0.7000	1.2400	1.9000	0.07893	6086200	495.862
257	1.1000	1.4600	2.1000	0.07265	6122400	496.224
258	2.7400	2.1600	2.6800	0.09010	6137200	496.372
259	2.3800	1.7800	1.0400	0.08586	6155800	496.558
260	1.2600	1.7800	2.4400	0.05090	6169600	496.696
261	2.3200	0.3400	2.3800	0.07987	6175200	496.752
262	2.2600	2.7800	1.0400	0.08645	6177400	496.774
263	2.1200	0.3800	2.5400	0.08604	6181600	496.816
264	2.3800	0.6400	1.6200	0.06931	6217000	497.17
265	1.6400	0.6200	0.3800	0.06621	6224000	497.24
266	1.1800	2.3400	2.7800	0.05667	6229000	497.29
267	0.2600	2.2600	0.0600	0.07995	6276800	497.768
268	0.0800	2.8000	0.5200	0.05374	6279000	497.79
269	0.4200	1.9800	0.4600	0.08583	6285600	497.856
270	0.2000	0.3000	0.7800	0.09740	6291000	497.91
271	0.6200	1.9600	1.2200	0.07690	6294200	497.942
272	1.8200	2.7800	2.3800	0.07526	6295800	497.958
273	0.4000	1.5000	2.0200	0.08181	6297200	497.972
274	1.2200	2.5200	2.3000	0.06015	6317200	498.172
275	0.9200	2.1000	0.4000	0.08274	6319000	498.19
276	0.5800	1.4000	2.3000	0.08422	6321600	498.216
277	1.1000	1.8000	0.3000	0.06190	6339400	498.394
278	1.6600	0.5400	0.3400	0.07286	6344800	498.448
279	2.1800	1.3200	1.7000	0.09339	6356000	498.56
280	0.0600	1.6000	2.3800	0.08416	6360800	498.608
281	0.4400	2.3200	0.5000	0.07780	6387400	498.874
282	2.7200	0.0600	2.3800	0.07370	6397000	498.97
283	0.8600	2.5400	2.4800	0.09297	6397400	498.974
284	0.3200	0.8200	1.0000	0.07926	6400800	499.008
285	2.0200	1.4400	2.0400	0.07467	6409400	499.094
286	2.1200	1.4600	2.1200	0.08422	6410000	499.1
287	1.9400	1.5200	2.5800	0.09186	6426400	499.264
288	1.0800	1.0200	2.5200	0.06410	6433000	499.33
289	1.2000	0.8600	0.5200	0.05613	6436600	499.366
290	0.2600	1.7600	2.3000	0.06827	6464800	499.648
291	1.1800	1.0200	2.3400	0.05071	6465000	499.65
292	2.4000	0.4200	0.4200	0.11229	6480000	499.8
293	0.0600	0.2400	2.0000	0.07867	6488600	499.886
294	1.5400	0.3400	1.7000	0.04940	6496000	499.96
295	1.1400	0.3400	1.8600	0.06392	6500400	500.004
296	0.6400	0.6800	1.8000	0.09582	6501000	500.01
297	2.3600	0.2800	1.6800	0.08808	6501600	500.016
298	1.9200	0.0600	0.0400	0.07854	6506200	500.062
299	2.4000	2.1000	0.2400	0.10938	6514400	500.144
300	0.1400	2.2400	0.7400	0.08886	6515000	500.15
301	1.0200	2.3200	2.4000	0.06613	6522400	500.224
302	0.1200	1.6000	1.0400	0.09105	6542400	500.424
303	2.2800	1.1600	1.0600	0.09542	6543000	500.43
304	2.5400	0.6200	1.8000	0.08910	6587600	500.876
305	1.4200	2.1000	0.1200	0.04645	6587800	500.878
306	0.0800	2.4400	2.4400	0.07526	6588400	500.884
307	0.9600	0.1200	2.1600	0.07475	6593000	500.93
308	0.5200	0.9000	2.4000	0.08673	6597200	500.972
309	1.3000	2.2400	0.1800	0.05152	6604200	501.042
310	2.4400	2.4600	2.3800	0.09683	6632000	501.32
311	0.3200	0.1000	1.0000	0.08330	6641600	501.416
312	1.3000	0.4800	1.1800	0.06233	6642200	501.422
313	0.5000	1.9000	1.2000	0.08279	6645400	501.454
314	2.8000	2.5000	0.4800	0.07130	6658000	501.58
315	0.5000	1.6800	1.2200	0.07793	6663200	501.632
316	0.3000	1.2600	0.3600	0.10666	6677800	501.778
317	2.7000	0.1000	0.3400	0.10452	6680400	501.804
318	2.6600	0.3800	1.2800	0.09800	6691200	501.912
319	1.1200	0.3800	1.2600	0.07310	6709800	502.098
320	0.0800	1.0400	2.3400	0.07393	6710800	502.108
321	2.0800	2.6000	1.3200	0.09334	6716400	502.164
322	1.8600	2.0400	1.6800	0.08569	6729600	502.296
323	1.0400	0.2600	2.5800	0.06885	6742400	502.424
324	0.5800	0.3800	0.6400	0.09474	6747800	502.478
325	1.8400	1.4400	0.1000	0.07441	6749600	502.496
326	2.1800	1.8400	0.3000	0.09101	6751600	502.516
327	0.9600	2.6000	0.9400	0.08174	6753200	502.532
328	0.9800	2.4200	0.7200	0.07758	6762800	502.628
329	2.5400	0.1800	0.6400	0.09706	6764800	502.648
330	1.5800	1.0000	0.9600	0.06375	6791400	502.914
331	0.3400	0.3600	1.9800	0.06695	6806400	503.064
332	2.1200	0.0400	2.6600	0.07683	6824000	503.24
333	0.9400	0.2800	2.5200	0.07839	6824400	503.244
334	1.2200	1.0800	0.1800	0.07335	6831800	503.318
335	0.0600	1.0800	2.4800	0.07668	6843000	503.43
336	2.4800	1.5200	1.4400	0.09017	6846400	503.464
337	0.1000	0.5000	0.6600	0.09435	6847600	503.476
338	0.7600	0.2400	2.3000	0.09661	6861000	503.61
339	2.2000	1.2600	1.6400	0.07241	6869000	503.69
340	1.0800	1.5600	0.3200	0.07589	6873400	503.734
341	1.8000	1.9800	1.8600	0.07190	6882800	503.828
342	1.8400	1.6600	0.9600	0.08738	6894400	503.944
343	2.7800	2.5200	0.1800	0.08537	6903600	504.036
344	0.8400	2.1200	2.5400	0.09693	6905400	504.054
345	0.8200	0.2200	1.4600	0.08617	6913800	504.138
346	0.2400	1.1800	0.8800	0.08387	6931200	504.312
347	2.4200	1.3000	0.5800	0.10046	6934200	504.342
348	0.7200	0.7200	2.7000	0.08978	6946200	504.462
349	1.1800	0.9600	1.4800	0.07186	6955600	504.556
350	1.9400	1.5000	0.9600	0.08519	6977000	504.77
351	0.7600	2.7400	0.0600	0.08082	6982800	504.828
352	0.8200	1.2800	0.7000	0.07834	6997800	504.978
353	0.3200	1.4600	1.2200	0.07830	7005800	505.058
354	0.3400	0.3200	1.3200	0.10767	7020600	505.206
355	0.1400	0.5000	1.9800	0.07394	7030400	505.304
356	1.1000	2.7200	2.7600	0.06766	7060400	505.604
357	1.7800	1.2000	2.6000	0.07870	7068600	505.686
358	0.4400	1.5600	1.1800	0.07025	7089600	505.896
359	1.8600	1.6200	0.0600	0.07468	7100200	506.002
360	1.7400	1.4200	0.1200	0.05943	7103400	506.034
361	1.8800	1.7000	1.5400	0.10090	7106800	506.068
362	0.6200	2.0400	0.6200	0.07675	7114800	506.148
363	1.6800	1.3000	2.3400	0.06750	7129000	506.29
364	0.1000	2.4000	1.3400	0.10049	7129800	506.298
365	0.7400	0.5400	0.5800	0.08468	7150400	506.504
366	1.3800	0.9000	2.0400	0.04640	7166400	506.664
367	2.7400	2.1600	1.6000	0.07781	7191800	506.918
368	1.4200	0.1800	0.0600	0.05289	7193000	506.93
369	1.0200	2.1800	1.5600	0.07255	7196000	506.96
370	0.3000	2.6400	2.4200	0.09873	7207200	507.072
371	1.1400	0.3800	0.0400	0.04777	7228200	507.282
372	1.0800	2.1800	0.7000	0.07047	7229000	507.29
373	2.0600	1.4200	2.3600	0.09026	7236600	507.366
374	1.4600	2.7200	0.4200	0.04741	7239000	507.39
375	0.9400	2.4600	2.6000	0.07792	7240000	507.4
376	1.6600	0.1200	0.9000	0.06343	7248400	507.484
377	1.4800	2.0800	2.8000	0.04399	7255600	507.556
378	0.3200	0.5600	2.4400	0.08663	7272800	507.728
379	0.6400	1.7400	1.7000	0.07694	7290400	507.904
380	1.5000	0.6000	1.7600	0.04652	7294200	507.942
381	1.6200	0.7800	2.5200	0.06595	7311600	508.116
382	0.6800	1.2800	0.6000	0.07682	7316400	508.164
383	1.6800	0.5200	2.0600	0.06271	7348800	508.488
384	0.1600	2.0000	0.3600	0.07327	7352600	508.526
385	1.9800	2.2600	0.9600	0.07587	7352800	508.528
386	1.3400	2.0600	2.6000	0.05069	7356600	508.566
387	1.1400	1.6800	2.6200	0.05952	7363200	508.632
388	0.4800	0.1800	0.9200	0.09023	7377200	508.772
389	0.8000	2.6600	1.9400	0.09348	7395400	508.954
390	0.7400	1.6400	2.7000	0.08108	7408200	509.082
391	0.2200	0.3800	1.9200	0.06594	7415400	509.154
392	0.0600	2.0000	0.6600	0.07988	7448400	509.484
393	0.7000	0.3000	2.0000	0.08778	7458800	509.588
394	1.2400	2.4800	0.9200	0.04408	7477000	509.77
395	1.2000	1.3000	0.9000	0.04894	7478000	509.78
396	0.8400	1.0600	1.6800	0.07781	7485000	509.85
397	0.8400	2.6000	1.5000	0.08931	7496600	509.966
398	1.2800	1.9400	1.9000	0.05008	7524600	510.246
399	1.1400	0.6000	2.3000	0.05524	7545200	510.452
400	1.6800	0.2400	2.3200	0.07963	7559600	510.596
401	0.8200	0.8000	2.3800	0.03894	7570200	510.702
402	1.8400	0.0200	0.1400	0.05360	7573600	510.736
403	1.7000	0.8000	2.0800	0.05055	7576400	510.764
404	1.1600	1.4400	1.4000	0.06947	7583000	510.83
405	2.3800	1.6600	0.8000	0.09828	7584800	510.848
406	0.1600	0.8600	2.5200	0.08361	7593800	510.938
407	2.6200	1.8800	0.7600	0.10658	7606000	511.06
408	1.3000	1.5800	0.8600	0.05533	7606600	511.066
409	0.8400	0.7600	2.3800	0.07258	7608000	511.08
410	2.5600	2.1400	2.2600	0.08085	7610200	511.102
411	0.7400	2.4800	1.1600	0.07949	7616000	511.16
412	0.9800	0.4800	1.6000	0.07970	7638400	511.384
413	2.8000	2.4200	0.6800	0.07917	7673200	511.732
414	1.6600	1.1800	0.5000	0.07413	7673800	511.738
415	1.3200	1.6400	0.5000	0.05106	7676800	511.768
416	1.3600	0.2800	0.8600	0.05203	7688400	511.884
417	0.2000	2.6800	0.3800	0.07673	7724000	512.24
418	1.1600	0.2600	1.7000	0.04955	7753600	512.536
419	0.0400	2.4000	0.2400	0.06576	7759400	512.594
420	2.0400	2.2400	2.2600	0.07159	7784600	512.846
421	2.3800	1.7000	2.7800	0.08075	7785000	512.85
422	1.0200	0.5400	2.3800	0.05919	7788200	512.882
423	1.7400	0.7600	0.7400	0.07756	7803400	513.034
424	2.3600	0.8800	1.9000	0.06640	7829600	513.296
425	2.7800	1.7000	2.0800	0.07862	7838200	513.382
426	2.0800	2.4600	2.1000	0.07699	7854000	513.54
427	0.2200	0.6600	1.0000	0.08251	7891200	513.912
428	1.4600	2.6800	2.3000	0.05303	7898800	513.988
429	0.6000	1.4800	2.5200	0.07206	7905800	514.058
430	2.6400	1.3800	1.9000	0.08764	7918800	514.188
431	0.1000	1.1800	2.1600	0.08431	7919600	514.196
432	2.7800	1.9600	2.2000	0.06785	7935800	514.358
433	0.7800	0.3400	1.1400	0.09679	7935800	514.358
434	0.5600	2.2800	1.0600	0.08244	7938800	514.388
435	2.3000	1.8000	1.1000	0.06992	7960000	514.6
436	1.6200	1.8600	0.1000	0.04997	7969400	514.694
437	0.5400	0.7600	0.9000	0.08295	7989200	514.892
438	2.2400	0.4600	0.8000	0.09612	7989400	514.894
439	0.8400	1.0200	1.8000	0.07263	7999000	514.99
440	1.2800	1.2800	1.7200	0.05453	8003800	515.038
441	2.0200	1.6200	1.8800	0.08776	8016800	515.168
442	0.7800	2.2400	0.0600	0.07352	8018000	515.18
443	1.0200	1.1000	2.6400	0.07080	8019200	515.192
444	1.5000	0.9600	1.0200	0.05064	8020000	515.2
445	0.5000	0.8000	2.0400	0.07089	8037600	515.376
446	1.2600	0.2200	1.4200	0.04701	8038200	515.382
447	2.7400	2.5000	1.9400	0.08591	8043600	515.436
448	2.1000	0.5800	2.7200	0.07681	8047400	515.474
449	1.9600	2.3200	2.4600	0.08135	8049600	515.496
450	1.6800	1.9800	0.1800	0.05804	8066600	515.666
451	2.4800	1.4200	2.6600	0.08274	8078600	515.786
452	1.1400	0.4200	0.5000	0.05547	8090000	515.9
453	0.8400	2.5000	1.6600	0.07568	8108600	516.086
454	0.8600	0.5200	2.6600	0.08569	8110800	516.108
455	2.6800	0.8400	0.7000	0.10396	8119000	516.19
456	1.1000	2.3600	1.8400	0.07039	8136400	516.364
457	1.8800	1.6400	0.0400	0.06380	8137800	516.378
458	0.5200	2.3800	0.6400	0.06723	8156400	516.564
459	2.3200	0.2400	1.1200	0.07862	8162800	516.628
460	1.8600	2.7200	1.8200	0.08918	8165800	516.658
461	1.9800	0.6200	1.8800	0.07524	8195200	516.952
462	1.4600	1.8400	0.6400	0.04788	8195600	516.956
463	1.0800	0.8800	2.4000	0.05263	8216800	517.168
464	2.4200	2.1800	1.7800	0.08831	8238200	517.382
465	0.4400	2.0600	1.4600	0.07321	8251600	517.516
466	1.8600	2.1600	1.0800	0.06167	8255200	517.552
467	1.8200	1.6400	2.5400	0.07568	8287800	517.878
468	1.4200	0.3400	0.8400	0.04562	8300600	518.006
469	2.3600	2.5200	0.8000	0.08826	8320200	518.202
470	2.4600	0.1000	2.4400	0.06614	8327600	518.276
471	0.7400	1.2800	1.4800	0.08810	8330200	518.302
472	1.3800	0.1400	1.2800	0.05056	8335600	518.356
473	0.0200	2.8000	2.3200	0.04041	8336000	518.36
474	1.3000	1.1000	1.9600	0.04880	8340600	518.406
475	0.4600	1.6800	2.4600	0.07185	8341400	518.414
476	2.5400	0.0400	0.6600	0.07182	8354600	518.546
477	0.5000	0.0200	0.0600	0.06564	8354800	518.548
478	2.0600	2.1800	2.1600	0.06487	8366200	518.662
479	0.4800	1.8200	1.8800	0.06677	8367800	518.678
480	1.7800	1.5200	1.9400	0.07259	8394000	518.94
481	0.6800	1.8800	0.6000	0.06952	8394600	518.946
482	2.3400	2.5000	0.7200	0.09509	8405600	519.056
483	1.2200	0.3000	0.7400	0.05938	8443800	519.438
484	2.2800	0.7600	1.9000	0.06402	8452600	519.526
485	0.9600	1.5000	0.0200	0.07092	8453400	519.534
486	2.0000	2.2400	1.7200	0.09316	8472800	519.728
487	2.1000	0.0400	2.1200	0.07631	8523400	520.234
488	0.8800	1.9600	2.2200	0.07345	8530000	520.3
489	0.9800	2.4000	2.3000	0.06424	8547600	520.476
490	2.6600	1.9000	2.0200	0.07158	8561000	520.61
491	2.7000	0.2000	2.5400	0.08425	8573400	520.734
492	0.4200	0.7600	2.6600	0.07483	8620600	521.206
493	1.5400	2.0600	0.3800	0.04739	8627600	521.276
494	2.7200	0.4800	0.3600	0.09500	8638000	521.38
495	2.4800	0.5600	1.1600	0.08076	8642200	521.422
496	0.3400	1.5800	0.3600	0.08043	8647600	521.476
497	0.8200	2.4000	1.7600	0.08118	8660000	521.6
498	1.0600	1.1800	1.3200	0.07849	8691200	521.912
499	0.7200	1.2800	1.5200	0.07250	8704600	522.046
500	2.1600	1.6200	1.0400	0.08515	8710000	522.1
501	0.3200	1.7200	2.5800	0.07960	8728600	522.286
502	2.3000	1.5000	0.3600	0.09225	8734800	522.348
503	2.0600	2.5400	1.3400	0.07479	8737600	522.376
504	0.3800	1.6200	1.8400	0.06643	8751400	522.514
505	1.2800	2.0600	1.2800	0.04918	8766200	522.662
506	0.6400	1.6000	2.0400	0.05316	8786600	522.866
507	1.8400	0.7800	2.1800	0.05591	8795200	522.952
508	0.5200	0.6600	1.1000	0.08526	8808600	523.086
509	2.6400	2.7200	0.2800	0.09321	8818600	523.186
510	0.7200	0.8800	2.0200	0.07334	8856000	523.56
511	2.4400	1.4200	2.0600	0.08294	8873400	523.734
512	0.7200	1.6400	1.7800	0.06066	8887400	523.874
513	0.5600	1.6000	1.0000	0.05739	8888400	523.884
514	1.5200	2.3200	2.7800	0.03797	8888800	523.888
515	0.5200	0.0200	0.7200	0.07505	8911200	524.112
516	0.1000	1.9200	2.4800	0.07208	8917400	524.174
517	2.7800	0.4800	0.9800	0.07335	8917600	524.176
518	2.8000	2.2600	1.5000	0.05924	8933400	524.334
519	0.1000	1.8000	0.4000	0.07470	8936400	524.364
520	1.8800	2.6400	1.2800	0.08054	8973400	524.734
521	0.8200	0.5200	1.7400	0.07347	8974600	524.746
522	0.8400	0.7000	2.0800	0.07611	8981800	524.818
523	1.3600	1.9600	0.1600	0.03093	8983600	524.836
524	1.9600	1.4600	1.1200	0.07694	8987600	524.876
525	1.9800	2.3800	0.9600	0.05956	8992200	524.922
526	1.8200	0.7200	1.9400	0.05393	8996200	524.962
527	1.4200	2.5400	2.0000	0.04481	9008400	525.084
528	1.5400	1.7800	2.5400	0.04717	9018600	525.186
529	1.9400	1.9600	2.0400	0.06272	9039200	525.392
530	0.9800	1.6400	0.2000	0.07335	9042400	525.424
531	0.6400	0.8800	0.9600	0.07838	9060400	525.604
532	2.5400	0.0800	2.6600	0.07695	9069600	525.696
533	1.8800	2.4400	2.3800	0.06128	9070200	525.702
534	2.5000	0.7200	0.7200	0.08770	9078200	525.782
535	0.0600	0.7800	0.6800	0.07585	9081400	525.814
536	1.3200	1.5000	1.7200	0.04760	9082000	525.82
537	0.8200	1.8000	2.7800	0.06477	9104200	526.042
538	0.8400	0.8600	1.6400	0.08313	9104600	526.046
539	1.4800	0.7400	0.5400	0.03985	9106000	526.06
540	1.1600	1.2600	2.3600	0.04324	9131000	526.31
541	0.6000	1.1000	1.8200	0.07028	9136600	526.366
542	0.7600	0.2600	1.1000	0.07351	9149000	526.49
543	2.0400	0.0200	1.8000	0.05261	9156000	526.56
544	1.8000	0.0600	0.2000	0.05953	9167000	526.67
545	1.9000	2.0000	2.3200	0.07687	9170800	526.708
546	0.6800	1.0600	2.6200	0.07830	9190600	526.906
547	0.1200	2.2000	0.5600	0.04261	9200800	527.008
548	0.4600	0.5000	0.5200	0.08407	9204400	527.044
549	2.2000	1.9600	0.4600	0.08024	9229000	527.29
550	2.4200	1.3200	1.4200	0.07722	9256600	527.566
551	0.5200	0.7200	2.2800	0.07136	9264200	527.642
552	1.1600	0.3800	0.6200	0.04920	9269000	527.69
553	1.7000	0.8800	1.4600	0.06097	9286600	527.866
554	2.1600	1.3000	2.6200	0.08058	9293200	527.932
555	0.9600	1.3400	1.6200	0.06386	9298000	527.98
556	1.7000	2.1200	1.5200	0.05403	9300200	528.002
557	0.3200	2.7800	0.8800	0.06077	9302800	528.028
558	0.7200	2.6000	0.4600	0.07804	9303600	528.036
559	0.0200	1.9400	1.1600	0.07988	9308200	528.082
560	0.8800	1.2800	2.4200	0.06241	9313400	528.134
561	1.7000	2.4800	1.9800	0.03504	9319600	528.196
562	1.1000	0.8000	1.9400	0.05382	9324600	528.246
563	0.7800	0.4600	1.5600	0.07350	9326400	528.264
564	1.5600	1.8200	1.6800	0.04624	9341600	528.416
565	0.1400	0.0600	1.9800	0.06797	9355600	528.556
566	1.0000	2.0000	0.2800	0.04881	9358000	528.58
567	1.8200	0.2200	1.1800	0.07294	9358800	528.588
568	2.6000	0.5600	2.2600	0.07277	9361400	528.614
569	0.7400	2.4600	0.8400	0.06681	9366600	528.666
570	2.2400	1.0000	0.7000	0.09028	9369800	528.698
571	1.3400	2.2200	1.4000	0.03550	9427000	529.27
572	2.8000	1.8600	1.6800	0.05577	9441600	529.416
573	1.8200	0.4600	2.0800	0.06904	9460200	529.602
574	1.1600	1.4800	1.9400	0.04344	9473200	529.732
575	1.9800	0.8000	1.7000	0.06402	9482200	529.822
576	1.8800	0.2200	0.9400	0.07024	9484800	529.848
577	2.0000	0.8400	2.5400	0.05081	9502000	530.02
578	0.5000	2.3400	1.2000	0.06900	9514800	530.148
579	1.3600	2.5800	0.8200	0.03582	9515000	530.15
580	0.6800	2.6600	1.9600	0.08177	9518800	530.188
581	2.1600	1.2200	1.1800	0.05736	9533600	530.336
582	1.9400	1.2000	1.7800	0.07514	9560800	530.608
583	2.0200	2.3800	0.9000	0.05849	9569400	530.694
584	1.9800	2.3000	0.2200	0.07475	9571000	530.71
585	1.5400	1.3400	1.9800	0.04407	9590800	530.908
586	0.3600	0.8600	0.6600	0.07701	9591000	530.91
587	1.8400	1.6800	0.3600	0.07268	9595400	530.954
588	0.6800	2.1000	1.1800	0.06037	9620600	531.206
589	0.7000	1.6400	1.4200	0.07208	9625400	531.254
590	1.9800	0.1400	0.5000	0.09536	9625800	531.258
591	0.7000	1.3800	1.5400	0.05972	9626200	531.262
592	0.2000	1.5000	1.5400	0.05961	9628800	531.288
593	1.3600	0.1800	2.4600	0.03269	9630600	531.306
594	1.2200	2.5200	2.6400	0.03546	9640600	531.406
595	1.8400	2.0000	0.2000	0.06580	9657600	531.576
596	1.5200	0.5800	0.0400	0.04806	9680600	531.806
597	0.6400	0.1800	1.1400	0.07638	9682800	531.828
598	1.7200	1.3400	0.4400	0.05941	9698400	531.984
599	1.4000	0.1600	2.6200	0.02754	9705400	532.054
600	1.3200	2.5600	0.7600	0.03502	9708400	532.084
601	0.9400	1.4400	1.7600	0.04890	9717600	532.176
602	1.8000	2.2000	0.4000	0.06156	9723400	532.234
603	1.3400	1.4800	2.4200	0.03325	9729200	532.292
604	2.1200	1.5800	1.0200	0.05087	9745200	532.452
605	1.0000	2.6000	1.1000	0.05439	9748000	532.48
606	0.9200	1.4600	1.7200	0.04925	9757200	532.572
607	2.0600	0.7200	2.1600	0.06642	9772400	532.724
608	2.3400	2.0800	2.1800	0.06694	9779400	532.794
609	0.0400	2.6000	1.2000	0.06949	9803800	533.038
610	0.2200	2.3600	1.7600	0.07868	9807800	533.078
611	0.1600	1.6200	0.5400	0.07724	9813200	533.132
612	0.7800	2.5000	2.2200	0.08403	9813800	533.138
613	2.6000	0.1200	1.4400	0.08930	9822000	533.22
614	1.7800	1.9200	0.7600	0.07245	9825000	533.25
615	0.4000	0.9800	0.5800	0.07306	9839200	533.392
616	1.1400	2.0000	2.5600	0.04364	9869200	533.692
617	1.6600	1.3000	1.0400	0.05666	9879000	533.79
618	0.8200	1.4800	1.5800	0.05814	9916400	534.164
619	1.1200	2.6800	1.8600	0.05750	9918800	534.188
620	2.7600	0.2800	0.8200	0.07154	9925000	534.25
621	2.6400	2.5600	2.1400	0.08321	9928600	534.286
622	0.1600	1.4400	0.3800	0.07961	9954800	534.548
623	1.7000	2.7200	2.7800	0.04298	9961800	534.618
624	0.1600	2.2600	1.7400	0.07917	9976200	534.762
625	1.9200	0.2600	2.7800	0.06846	9987400	534.874
626	0.8800	0.8200	0.3000	0.07107	9987800	534.878
627	1.4400	2.0200	2.1600	0.02951	9992000	534.92
628	2.0800	1.9400	2.5400	0.08942	9993800	534.938
629	0.4000	0.6000	1.2400	0.07233	10003400	535
630	2.3000	1.9200	1.1000	0.05928	10011600	535
631	2.4000	1.5200	1.5000	0.06354	10033600	535
632	1.2600	0.4600	2.2800	0.03150	10066800	535
633	2.0200	0.7200	0.3800	0.07821	10080000	535
634	0.8200	1.3400	1.5200	0.04273	10086600	535
635	2.0600	0.1400	1.0000	0.06484	10100800	535
636	2.4600	0.7200	0.7000	0.07196	10109600	535
637	2.2000	2.6200	1.7800	0.09043	10118600	535
638	1.5200	2.3000	1.2400	0.03917	10124400	535
639	1.9600	2.1600	0.0400	0.06461	10131600	535
640	2.1400	0.9600	0.2400	0.08934	10135400	535
641	1.9400	1.0000	1.2600	0.05863	10147600	535
642	1.3600	1.8800	0.9400	0.03362	10153600	535
643	1.4600	0.8600	0.6400	0.03120	10164000	535
644	2.0200	0.6000	0.6400	0.06715	10182800	535
645	0.5600	1.8800	1.4400	0.05982	10189400	535
646	1.1800	2.5600	2.5200	0.03129	10195600	535
647	2.7200	2.5000	1.8800	0.03972	10196800	535
648	0.0400	0.8200	2.1000	0.05599	10227400	535
649	0.0800	1.3400	2.4400	0.06779	10234800	535
650	0.6200	2.3400	0.6800	0.03582	10238400	535
651	2.0600	0.8400	2.5800	0.04865	10251400	535
652	0.4200	2.2000	0.9600	0.07223	10254600	535
653	0.6200	1.1800	0.3800	0.06020	10260800	535
654	2.6200	1.9400	2.5800	0.03846	10269400	535
655	0.5000	1.1600	2.3600	0.05261	10289800	535
656	0.7400	1.3000	2.2800	0.05489	10302400	535
657	1.7200	0.6000	1.6400	0.03739	10327800	535
658	0.4200	1.2200	2.3400	0.05485	10342800	535
659	1.1000	0.1600	0.2000	0.05041	10351800	535
660	0.8000	2.4000	0.5200	0.02940	10355400	535
661	0.8400	2.3200	2.5600	0.05629	10369600	535
662	0.9600	0.9800	0.5600	0.05323	10369600	535
663	2.6000	1.0800	2.2400	0.07040	10400000	535
664	2.5000	0.9800	1.9600	0.03907	10430600	535
665	1.6600	1.7600	2.5800	0.04172	10443400	535
666	1.6200	1.5800	0.2800	0.03100	10444600	535
667	0.6200	1.6200	2.6400	0.03822	10453600	535
668	2.6600	2.8000	0.4200	0.05743	10455800	535
669	0.3400	1.8600	2.7000	0.03988	10456800	535
670	1.7000	2.1200	1.4000	0.03676	10462200	535
671	1.3200	2.0000	1.0200	0.03178	10478800	535
672	0.8600	1.0600	1.5800	0.04916	10479600	535
673	2.1200	2.4200	1.0000	0.05453	10490600	535
674	2.1800	0.5000	1.9800	0.05661	10502800	535
675	0.3000	0.1800	1.7400	0.04373	10519800	535
676	1.4400	2.5400	2.6000	0.02629	10521200	535
677	2.8000	0.2600	2.3600	0.04751	10530800	535
678	1.3800	2.4000	1.8000	0.02336	10548800	535
679	0.3800	2.3800	2.1600	0.05732	10554600	535
680	0.0600	1.1400	1.8600	0.04730	10565600	535
681	0.0800	1.3600	2.4200	0.03940	10583600	535
682	2.6200	1.2800	0.2800	0.09410	10587800	535
683	1.5400	0.7400	0.5800	0.02579	10612200	535
684	1.2200	1.3000	1.9800	0.02573	10617600	535
685	0.0800	0.6600	2.3400	0.02554	10634600	535
686	0.3600	1.5400	1.5200	0.06434	10636000	535
687	1.3400	1.2400	2.0400	0.02486	10644800	535
688	1.6600	1.6600	1.9400	0.02993	10646000	535
689	0.6800	0.1200	0.0200	0.05823	10654600	535
690	1.2000	2.5000	1.6200	0.03610	10655800	535
691	1.8400	2.3000	1.3800	0.06732	10660800	535
692	2.4400	0.7600	2.7400	0.08576	10666800	535
693	2.1200	0.1000	1.4600	0.03957	10674200	535
694	0.2800	0.4800	2.5600	0.04265	10676600	535
695	2.7600	1.4200	0.4200	0.07565	10686800	535
696	2.2400	2.4400	1.4000	0.08242	10687400	535
697	1.7200	1.4600	1.1200	0.04488	10702600	535
698	1.1400	1.3000	2.0000	0.03039	10702600	535
699	2.4400	2.3600	0.0400	0.07745	10715400	535
700	1.3000	1.9400	1.5000	0.03108	10716800	535
701	2.6800	1.3000	1.2600	0.07739	10726600	535
702	0.9600	1.5200	2.5800	0.04559	10740800	535
703	0.8400	1.5800	1.1600	0.04350	10745600	535
704	2.5000	0.7000	0.1600	0.08420	10753400	535
705	0.0200	1.6800	1.1200	0.04164	10760000	535
706	1.2600	2.7200	0.8800	0.03239	10771400	535
707	0.9000	1.8800	1.4000	0.05607	10771600	535
708	0.3600	0.4600	1.7400	0.06206	10775400	535
709	0.2600	2.5600	1.9200	0.08666	10775600	535
710	0.3600	2.2400	2.4200	0.05838	10797400	535
711	0.6800	0.5600	2.0200	0.05204	10803600	535
712	1.3000	2.3400	2.4200	0.02294	10808000	535
713	0.9000	2.2200	2.4000	0.03964	10812400	535
714	2.0000	0.6800	0.3000	0.05359	10820200	535
715	2.6800	0.6800	2.3400	0.07259	10874200	535
716	2.2200	2.7400	2.4000	0.05805	10881400	535
717	0.1400	0.5200	2.8000	0.03869	10894200	535
718	2.7200	0.9000	2.2600	0.07561	10897800	535
719	0.0600	2.1600	2.0800	0.04438	10913400	535
720	1.7800	2.2200	0.5200	0.04438	10921400	535
721	0.5200	1.0400	2.4600	0.03694	10931000	535
722	2.0000	1.9200	1.8200	0.05619	10936600	535
723	2.2600	0.8000	0.7200	0.06305	10944000	535
724	1.9000	0.7400	1.8200	0.02330	10945200	535
725	2.6600	2.3200	1.5200	0.06142	10962000	535
726	1.1800	0.3000	0.4000	0.03549	10968400	535
727	0.5400	1.3400	0.3000	0.04050	10974600	535
728	0.9200	1.9600	2.0600	0.03942	10980800	535
729	0.4600	1.8800	2.4800	0.04521	10995000	535
730	0.4600	2.4800	1.7600	0.05785	11014800	535
731	0.2400	0.0400	0.8200	0.04124	11016000	535
732	0.9200	2.1800	0.7600	0.03963	11037400	535
733	1.4600	1.6200	2.1400	0.02265	11042200	535
734	2.0400	0.4800	0.7600	0.05356	11042400	535
735	0.5800	1.1000	0.0800	0.09027	11045000	535
736	0.9600	1.1400	1.9400	0.04407	11063000	535
737	2.4400	1.5200	2.4800	0.04861	11063800	535
738	0.0800	2.6800	1.0800	0.06082	11070200	535
739	2.5600	2.3600	2.7000	0.04794	11082000	535
740	0.8800	1.6800	2.5600	0.04516	11084200	535
741	2.1200	2.3400	2.2800	0.03047	11089000	535
742	2.7200	2.5800	1.0600	0.06262	11103200	535
743	0.1800	0.4200	1.7000	0.06408	11108000	535
744	2.4000	1.3800	0.5800	0.03844	11112400	535
745	0.0600	0.5800	0.5600	0.05047	11114600	535
746	2.7000	1.3800	1.1600	0.06779	11123400	535
747	1.2200	0.4800	0.2600	0.02629	11127600	535
748	2.5400	0.5200	2.0200	0.02533	11133400	535
749	1.0600	1.4000	0.1000	0.04532	11136200	535
750	2.1400	1.0600	1.5200	0.05473	11143200	535
751	1.5800	1.4200	1.4400	0.03939	11144200	535
752	1.8400	0.6400	0.1800	0.06825	11189000	535
753	2.0200	0.8200	1.2200	0.05541	11197200	535
754	2.7600	0.6400	1.2600	0.06033	11199800	535
755	0.8800	1.1000	1.5800	0.02951	11201400	535
756	0.6200	1.6000	0.3800	0.06173	11240800	535
757	2.4200	2.8000	1.1800	0.05067	11316600	535
758	2.2600	0.8200	0.9600	0.04403	11341800	535
759	2.2600	0.2000	2.0800	0.04690	11342400	535
760	0.8200	2.5400	1.9400	0.03571	11343800	535
761	1.1800	2.5600	2.3600	0.02039	11345800	535
762	1.7600	1.7800	1.2000	0.04244	11349200	535
763	0.9400	1.0600	1.0000	0.05338	11350600	535
764	1.4000	2.7200	1.6000	0.03316	11365200	535
765	0.5600	0.4000	2.4000	0.06691	11370200	535
766	2.2600	1.3600	2.2400	0.04187	11378600	535
767	2.0400	1.9200	0.6000	0.06445	11417200	535
768	0.3800	0.2400	1.2600	0.03583	11420600	535
769	2.3600	0.4800	2.7800	0.05948	11420800	535
770	0.1000	2.5000	0.8400	0.04319	11428800	535
771	0.3400	0.6400	2.6800	0.02057	11433800	535
772	0.8400	0.2000	1.3800	0.01747	11441800	535
773	2.0000	1.4400	0.3200	0.05475	11442200	535
774	0.9600	0.5000	0.7000	0.05190	11459800	535
775	2.1200	2.3600	0.6400	0.06585	11460000	535
776	0.8400	1.0200	0.7200	0.02603	11488800	535
777	1.8400	2.6800	2.0000	0.03536	11491000	535
778	2.0000	1.3200	0.8400	0.05840	11525000	535
779	0.0200	1.8800	0.2000	0.04514	11560400	535
780	1.0000	1.4200	1.9600	0.02251	11581200	535
781	0.6000	1.0400	2.1000	0.03385	11587200	535
782	0.3000	1.5600	0.5400	0.04203	11609600	535
783	2.0800	1.6800	1.9400	0.03544	11614400	535
784	2.6800	0.3000	1.2000	0.03498	11623000	535
785	1.8000	1.6200	1.7000	0.03402	11627800	535
786	2.1800	2.8000	2.3200	0.03970	11639200	535
787	1.0600	0.4200	0.9600	0.05094	11655200	535
788	0.2400	1.5600	0.8800	0.04185	11659600	535
789	1.6200	0.7400	0.4600	0.02844	11663800	535
790	2.6400	0.9600	2.5400	0.07339	11670800	535
791	0.0600	0.5200	0.0200	0.06524	11678400	535
792	2.2200	1.2000	1.7800	0.03183	11679400	535
793	1.3600	1.6600	2.5400	0.01796	11685000	535
794	1.3200	2.5000	1.0200	0.01912	11687600	535
795	1.9400	1.7000	1.9600	0.02146	11706600	535
796	0.3000	1.1000	2.6200	0.05465	11711800	535
797	2.3200	0.0800	1.9000	0.04227	11730000	535
798	1.7400	0.9800	0.8400	0.04042	11764600	535
799	2.0000	2.3400	1.8000	0.03614	11779000	535
800	1.8600	2.1600	2.4200	0.02722	11803000	535
801	2.3800	0.5600	2.5400	0.05663	11805400	535
802	1.7200	2.2600	2.4400	0.01913	11807000	535
803	2.7000	2.7000	2.0600	0.05961	11827800	535
804	2.4000	1.8600	2.1400	0.05420	11844400	535
805	0.7000	1.1800	1.0400	0.04728	11850000	535
806	0.3400	0.8800	0.8200	0.02434	11870000	535
807	0.8400	1.9200	1.5400	0.03475	11874000	535
808	2.3200	2.3800	2.3400	0.02364	11883800	535
809	2.5000	0.1400	1.7200	0.04651	11885400	535
810	1.8800	1.2000	0.6000	0.04330	11898800	535
811	0.4600	1.5200	1.6800	0.03492	11904000	535
812	2.6600	0.7200	1.2800	0.04099	11910800	535
813	0.4200	2.1000	2.6800	0.05137	11912200	535
814	1.0800	1.4400	1.7200	0.01849	11916000	535
815	2.7400	1.2400	0.9400	0.07312	11940600	535
816	1.7400	2.0400	0.5000	0.02864	11947600	535
817	2.4200	1.1200	0.5400	0.05430	11965200	535
818	2.1000	2.1400	0.1400	0.04322	11965400	535
819	0.1400	1.7800	0.8800	0.05694	11976200	535
820	2.2600	1.0600	1.4400	0.03816	11977800	535
821	1.2200	1.4800	0.4200	0.02420	12007000	535
822	2.2600	2.1000	1.7200	0.05744	12014800	535
823	2.6400	2.3400	0.1600	0.05910	12019600	535
824	0.1400	1.7800	1.9600	0.03197	12048600	535
825	0.5800	2.7400	2.6200	0.07472	12073800	535
826	2.7000	1.5400	0.4200	0.05180	12076600	535
827	2.4200	0.8600	0.8200	0.04723	12093200	535
828	0.5800	2.6400	1.4000	0.03834	12105000	535
829	0.8800	2.4400	0.9200	0.01344	12115400	535
830	2.0400	0.9800	2.0200	0.02579	12129600	535
831	2.4600	1.7200	2.7200	0.01975	12148400	535
832	0.7400	2.0200	1.7600	0.04600	12153000	535
833	1.2800	2.5000	0.1800	0.01731	12159800	535
834	2.6600	0.5400	1.7400	0.04200	12160000	535
835	1.8800	1.1800	2.6600	0.03144	12165200	535
836	2.3000	1.8600	0.7000	0.05176	12174000	535
837	0.4600	1.1000	1.7800	0.03903	12178400	535
838	1.9000	0.5200	2.6600	0.03584	12183400	535
839	2.0200	2.6400	0.8800	0.03609	12200400	535
840	1.8600	2.5200	1.8200	0.03127	12205600	535
841	0.8000	0.6400	0.5200	0.02452	12206800	535
842	0.2800	0.9000	1.2800	0.04811	12221400	535
843	0.4000	0.1000	1.6000	0.04363	12228800	535
844	2.3600	0.9800	2.5200	0.05860	12242400	535
845	2.1600	0.0800	1.7400	0.02041	12275200	535
846	2.2000	1.5600	2.5400	0.04359	12276400	535
847	2.0000	0.7200	0.7600	0.03647	12277400	535
848	0.0800	2.6600	1.4600	0.05577	12289200	535
849	0.2800	2.2400	0.9000	0.03882	12299200	535
850	0.9000	1.4000	1.5200	0.01840	12301600	535
851	2.0400	0.3800	2.4600	0.03039	12313000	535
852	1.6000	1.6600	0.9400	0.01837	12324000	535
853	2.0000	2.5000	2.3800	0.01794	12347000	535
854	2.3400	0.9600	2.2800	0.04681	12347600	535
855	0.5200	0.0400	1.5200	0.04082	12390600	535
856	0.5600	2.7800	0.0600	0.04600	12405800	535
857	0.8200	0.6400	2.2000	0.01938	12413200	535
858	0.0200	0.2200	2.0800	0.02524	12425600	535
859	1.0600	2.4800	0.5200	0.01877	12440200	535
860	0.4600	0.6400	0.7400	0.03414	12497000	535
861	0.7800	1.6000	0.6800	0.03287	12524400	535
862	0.5200	0.3800	2.7400	0.05730	12527200	535
863	2.5000	0.5000	1.2800	0.01925	12527200	535
864	0.6000	0.1800	2.3800	0.05870	12547600	535
865	0.2400	2.2800	1.9200	0.02318	12674400	535
866	2.0000	1.1000	1.8800	0.01949	12677400	535
867	2.1000	1.0000	0.8800	0.03478	12691200	535
868	0.4400	2.5800	1.9400	0.04871	12731200	535
869	2.6600	1.3000	0.9400	0.05353	12764000	535
870	0.6800	0.3200	0.6800	0.03346	12766600	535
871	2.7000	2.0400	1.7600	0.01942	12767600	535
872	1.5600	0.6000	1.2400	0.02307	12814000	535
873	2.7200	0.5600	2.4200	0.04522	12866400	535
874	1.5600	1.4400	1.3400	0.01773	12892200	535
875	2.6600	1.2600	2.1600	0.03384	12896200	535
876	2.4800	1.0600	1.2800	0.02841	12908200	535
877	2.2000	1.7800	2.2200	0.03970	12948200	535
878	2.2200	0.1800	0.5000	0.05821	12953400	535
879	1.7000	2.4600	1.5000	0.02431	12957800	535
880	0.1400	1.6600	0.3200	0.02900	13014800	535
881	0.3400	0.8600	1.2800	0.03477	13045000	535
882	0.4200	1.3600	1.2800	0.02708	13061400	535
883	2.3200	0.5800	0.9200	0.01752	13082800	535
884	0.9600	2.5800	2.0400	0.02006	13095600	535
885	2.2800	0.1800	2.7400	0.02067	13099000	535
886	2.0600	1.8200	0.4600	0.02327	13113400	535
887	0.1000	1.3200	2.1000	0.01707	13156000	535
888	0.1200	2.3600	1.1000	0.04050	13159800	535
889	0.2200	0.9400	1.4600	0.03933	13164000	535
890	2.2600	0.7000	0.2600	0.02858	13176400	535
891	2.3200	0.2800	0.9400	0.02117	13187800	535
892	2.0800	2.6600	0.9200	0.01913	13203200	535
893	2.6800	2.4400	0.0600	0.03037	13242600	535
894	2.3000	1.2600	0.4000	0.03536	13272200	535
895	0.8400	2.5600	1.8200	0.01311	13274200	535
896	0.6400	0.4200	0.8200	0.02922	13325600	535
897	0.0400	0.3000	2.4600	0.05768	13330400	535
898	0.8000	1.1200	1.4800	0.02847	13371000	535
899	0.9600	0.9200	0.2600	0.02786	13383000	535
900	0.2200	2.6800	1.5200	0.02807	13411000	535
901	0.0800	0.3000	2.7000	0.06131	13460400	535
902	1.8600	1.7600	0.8400	0.01864	13463400	535
903	0.2000	0.8000	0.6200	0.02348	13475000	535
904	2.2000	2.2200	1.4000	0.04775	13512800	535
905	1.9400	0.5800	2.6800	0.01343	13557800	535
906	1.1200	0.2800	0.8800	0.02547	13570600	535
907	2.4000	0.0200	0.9400	0.02588	13622200	535
908	0.4000	1.8200	0.4600	0.01559	13624800	535
909	1.2200	0.7600	0.9600	0.02196	13636200	535
910	0.1600	1.3200	2.6200	0.03791	13663800	535
911	2.7000	2.1400	1.0200	0.05194	13673400	535
912	1.3200	0.1800	0.3400	0.01783	13680600	535
913	2.6200	1.6000	1.0000	0.02238	13702400	535
914	0.5200	1.2800	1.5800	0.02760	13704000	535
915	0.6200	0.1800	0.4200	0.03721	13718400	535
916	0.4400	0.1800	2.3000	0.05131	13755400	535
917	2.2400	2.7200	2.1400	0.02143	13756000	535
918	0.7000	2.4600	0.1000	0.02077	13757200	535
919	0.1400	2.0600	1.5400	0.04584	13758800	535
920	1.9800	1.6800	1.4400	0.02463	13786600	535
921	1.7400	0.6600	0.2200	0.01768	13822000	535
922	1.4000	0.9800	1.4400	0.01157	13834600	535
923	2.0400	0.2200	0.7000	0.02488	13872600	535
924	0.5600	0.5800	1.7200	0.01954	13896800	535
925	2.0400	1.0600	2.2000	0.00836	13935400	535
926	2.4000	0.8400	2.1800	0.01606	13948200	535
927	0.0200	2.1400	1.6400	0.02991	14027800	535
928	2.2600	0.4000	0.1400	0.06523	14054600	535
929	2.4000	2.7800	2.1400	0.02480	14056400	535
930	0.1800	1.8600	0.6800	0.01443	14263800	535
931	1.9000	0.3800	0.2400	0.03598	14338200	535
932	0.5000	2.7000	0.4400	0.01931	14345400	535
933	2.0800	1.8600	0.1400	0.01858	14357600	535
934	0.4200	0.6400	1.6000	0.03200	14377000	535
935	0.2600	0.0400	1.4400	0.03246	14402000	535
936	0.5400	2.5200	0.0800	0.01966	14457000	535
937	0.0800	0.7600	0.4400	0.03767	14585400	535
938	2.1000	1.6000	1.5600	0.02066	14599000	535
939	2.7800	1.4000	0.6600	0.03790	14600000	535
940	0.1000	0.6800	1.5600	0.02031	14671200	535
941	0.5600	0.0200	2.1800	0.02522	14692200	535
942	2.2400	2.1600	0.5600	0.01901	14715600	535
943	0.2600	0.7400	1.5000	0.02914	14740000	535
944	2.7200	0.8600	0.9600	0.02643	14811200	535
945	0.6800	2.7000	2.3000	0.02592	14840200	535
946	0.5600	2.6600	1.2600	0.00681	14875400	535
947	0.9600	0.6800	0.0800	0.02032	14894400	535
948	2.5000	1.0800	1.6600	0.01586	14906600	535
949	2.2400	0.9200	0.1600	0.02528	14922800	535
950	0.2800	1.1200	1.2800	0.01422	14923400	535
951	2.2000	2.7000	0.7000	0.01879	14930200	535
952	1.1800	0.6400	1.0800	0.01395	14982600	535
953	0.2400	0.0200	0.6600	0.02544	15090600	535
954	2.7400	1.2600	0.5200	0.02800	15162400	535
955	0.6600	0.8400	1.4800	0.02702	15167800	535
956	1.9600	1.8400	1.4200	0.01320	15236200	535
957	2.7600	1.3000	0.2000	0.02525	15295600	535
958	2.2200	2.5800	1.6000	0.01245	15296800	535
959	0.8600	0.1800	2.8000	0.03113	15392400	535
960	0.4800	2.7200	2.0200	0.01957	15403800	535
961	0.0200	1.1200	0.5400	0.01714	15438600	535
962	0.4400	1.0800	1.4200	0.01590	15504800	535
963	0.7600	0.1400	0.3200	0.01463	15512400	535
964	0.0400	1.8800	1.5600	0.01716	15621600	535
965	2.7400	0.9200	1.2600	0.01184	15645600	535
966	2.5400	2.0800	1.5600	0.00923	15651200	535
967	2.8000	0.7000	0.2400	0.02708	15665400	535
968	0.5600	1.7200	0.0400	0.01370	15700200	535
969	2.7200	2.6400	0.6800	0.01789	15911000	535
970	2.7400	0.6400	2.7400	0.03762	16098800	535
971	2.8000	1.2600	0.5200	0.01267	16138800	535
972	2.2400	2.7400	0.2200	0.03786	16237400	535
973	2.2000	2.6000	0.4200	0.01725	16292400	535
974	2.1400	2.6400	0.0800	0.03790	16349600	535
975	0.1000	0.2800	0.5000	0.02028	16856600	535
976	0.4000	0.0600	2.6600	0.03415	18082200	535
977	0.1800	0.0400	2.7600	0.03078	18517600	535
978	2.3800	0.3600	0.0600	0.01157	18670400	535
979	0.1000	1.0400	0.0200	0.02456	18773200	535
