Num ppbs	979
Nucl time (y)	Nucl temp (°C)	x (vox)	y (vox)	z (vox)	Vol (cm^3)	Ext Vol(cm^3)	Rxn affinity (kJ/mol)
976000	444.76	40	118	15	0.00247516	0.00269686	1.64369
1198400	446.984	35	51	34	0.00271719	0.00271719	2.01895
1269200	447.692	11	105	23	0.0017911	0.00180907	2.13846
1442000	449.42	94	47	108	0.00258995	0.00258995	2.43027
1523800	450.238	118	34	72	0.00276747	0.00283338	2.56846
1744800	452.448	16	69	51	0.002125	0.002125	2.942
1831400	453.314	128	17	48	0.00279584	0.00321528	3.08844
1842400	453.424	93	13	78	0.0030559	0.0030559	3.10704
1844200	453.442	5	6	47	0.00307664	0.00307664	3.11009
1845000	453.45	91	3	50	0.00185771	0.00185771	3.11144
1890000	453.9	34	86	54	0.00238058	0.00238058	3.18755
2088000	455.88	100	65	24	0.00501625	0.00501625	3.52258
2097000	455.97	51	66	125	0.00206982	0.00206982	3.53781
2133400	456.334	128	45	65	0.00593606	0.00593606	3.59943
2139600	456.396	33	65	128	0.0028209	0.0028209	3.60992
2255800	457.558	16	90	10	0.00449424	0.00449424	3.80666
2255800	457.558	83	98	70	0.00160417	0.00160417	3.58509
2286200	457.862	125	104	91	0.00367892	0.00388265	3.85815
2353400	458.534	122	27	83	0.00174997	0.00183985	3.97197
2405600	459.056	77	83	58	0.00124065	0.00124065	3.37118
2492800	459.928	110	128	135	0.00245844	0.00245844	4.20815
2532600	460.326	13	119	11	0.00309428	0.00309428	4.2756
2661600	461.616	112	1	139	0.000924666	0.000924666	4.49428
2694200	461.942	138	2	99	0.00179478	0.00179478	4.54955
2707400	462.074	119	110	125	0.00359944	0.00359944	4.57194
2711000	462.11	38	77	103	0.00242402	0.00251989	4.57804
2723600	462.236	28	74	49	0.00207922	0.00229493	4.59941
2727600	462.276	75	7	140	0.000583545	0.000583545	3.89501
2730800	462.308	9	134	38	0.00258478	0.00258478	4.61162
2797600	462.976	54	12	2	0.00131155	0.00131155	4.72491
2798000	462.98	66	98	111	0.000406819	0.000424795	3.96942
2804800	463.048	62	38	94	0.000960669	0.000960669	4.13347
2822600	463.226	127	99	125	0.00223514	0.00234898	4.76732
2827800	463.278	69	92	110	0.000598639	0.000598639	3.96837
2837800	463.378	131	101	102	0.00286575	0.00294365	4.7931
2857200	463.572	16	22	138	0.00345396	0.00345396	4.82602
2875800	463.758	49	102	5	0.00198688	0.00198688	4.85757
2916400	464.164	60	105	4	0.000551142	0.000551142	4.45553
2938000	464.38	46	95	107	0.00218324	0.00274649	4.96311
2979400	464.794	12	74	91	0.00356778	0.00356778	5.03336
2987400	464.874	31	13	78	0.00410676	0.00410676	5.04694
2995000	464.95	121	20	86	0.00203807	0.0021639	5.05984
3004800	465.048	51	95	108	0.001246	0.00142576	5.07647
3023800	465.238	133	132	61	0.00607627	0.00608825	5.10872
3051000	465.51	62	23	2	0.000638142	0.000638142	4.59714
3054600	465.546	24	71	15	0.00470187	0.00477378	5.161
3065400	465.654	33	65	92	0.00209706	0.00239666	5.17933
3085400	465.854	103	28	131	0.00288858	0.00310429	5.21329
3108000	466.08	110	19	127	0.00223706	0.00271642	5.25165
3110400	466.104	35	55	23	0.00376919	0.00377518	5.25573
3123400	466.234	78	2	126	0.000902483	0.000902483	4.74334
3136800	466.368	21	66	128	0.00389635	0.00389635	5.30055
3168400	466.684	122	62	110	0.0038804	0.0038804	5.35421
3191000	466.91	23	117	79	0.00347527	0.00347527	5.39258
3205800	467.058	20	136	75	0.00234793	0.00277935	5.41772
3212000	467.12	98	132	23	0.0025792	0.00288479	5.42825
3237600	467.376	88	53	87	0.00263942	0.00263942	5.47172
3271600	467.716	131	72	88	0.00417765	0.00434542	5.52947
3284200	467.842	140	74	138	0.00152424	0.00152424	5.55087
3301600	468.016	86	58	126	0.00152667	0.00162254	5.58043
3304400	468.044	98	57	61	0.00419893	0.00424686	5.58519
3330800	468.308	21	105	69	0.00281083	0.00308047	5.63004
3353600	468.536	140	92	123	0.00162329	0.00162329	5.66877
3392400	468.924	60	8	88	0.000871634	0.000871634	5.33334
3393800	468.938	22	50	98	0.00272725	0.00288904	5.73707
3401600	469.016	17	29	9	0.00792751	0.00792751	5.75033
3417800	469.178	4	136	12	0.00210353	0.00210353	5.77785
3475200	469.752	90	93	102	0.00221111	0.00221111	5.8754
3534800	470.348	123	85	21	0.00385799	0.00397783	5.9767
3540000	470.4	89	69	3	0.00137012	0.00167571	5.98554
3541200	470.412	52	8	69	0.00221456	0.00221456	5.98758
3551800	470.518	107	38	9	0.00594543	0.00597539	6.0056
3572200	470.722	111	4	57	0.0029249	0.0029249	6.04028
3591000	470.91	7	115	117	0.00299861	0.00299861	6.07224
3616000	471.16	4	125	29	0.00182365	0.00182365	6.11475
3643000	471.43	101	123	110	0.00238502	0.0025468	6.16066
3651400	471.514	116	88	18	0.00265809	0.00277793	6.17494
3683600	471.836	26	133	41	0.00242661	0.00258241	6.2297
3687200	471.872	130	72	1	0.00328934	0.00328934	6.23582
3725400	472.254	125	103	120	0.0018237	0.00188961	6.30079
3737800	472.378	53	29	25	0.00151582	0.00151582	6.32188
3742000	472.42	101	108	17	0.00399857	0.00399857	6.32902
3778400	472.784	57	52	31	0.0015439	0.0015439	6.19581
3786600	472.866	133	15	95	0.00411072	0.00411072	6.40489
3793200	472.932	108	44	97	0.00291008	0.00291008	6.41611
3801200	473.012	53	88	42	0.00243662	0.00243662	6.42972
3804800	473.048	12	91	100	0.00277364	0.00277364	6.43585
3843200	473.432	126	129	140	0.000613669	0.000655613	6.50118
3845400	473.454	5	31	113	0.00274718	0.00275916	6.50492
3864800	473.648	84	110	134	0.00206073	0.00206073	6.46933
3882000	473.82	41	17	13	0.00454176	0.00454176	6.56719
3885600	473.856	106	8	93	0.00356789	0.00356789	6.57332
3908200	474.082	98	78	105	0.00230576	0.0023537	6.61177
3920000	474.2	110	137	132	0.00234976	0.00234976	6.63185
3927200	474.272	106	40	50	0.00485802	0.00486402	6.64411
3964600	474.646	103	47	126	0.00414438	0.00431815	6.70776
3975800	474.758	125	118	47	0.00611332	0.00611332	6.72682
3985000	474.85	14	18	107	0.00339434	0.00340034	6.74248
3994200	474.942	52	63	45	0.0022401	0.0022401	6.75814
4002000	475.02	20	59	38	0.00216554	0.00216554	6.77141
4023600	475.236	40	44	118	0.00247724	0.00267498	6.80818
4044400	475.444	33	111	28	0.00192534	0.00194331	6.84359
4052400	475.524	100	37	75	0.00389297	0.00389297	6.85721
4054600	475.546	134	87	51	0.00472504	0.00472504	6.86095
4081800	475.818	95	130	133	0.00304127	0.00304127	6.90726
4144800	476.448	84	3	19	0.00155438	0.00155438	6.95142
4150600	476.506	129	60	132	0.00493206	0.00493206	7.02441
4153400	476.534	44	117	53	0.00249637	0.00249637	7.02917
4157800	476.578	83	85	25	0.00165415	0.00165415	6.9168
4171600	476.716	17	127	36	0.00260718	0.00260718	7.06017
4188600	476.886	56	99	116	0.00107235	0.00107235	6.92438
4210800	477.108	7	114	22	0.00170828	0.00170828	7.12693
4212000	477.12	88	114	100	0.00193015	0.00193015	7.12897
4219200	477.192	80	126	45	0.00124587	0.00124587	6.87885
4226600	477.266	117	128	106	0.00469715	0.00469715	7.15384
4237200	477.372	102	130	56	0.00327603	0.00327603	7.17189
4238400	477.384	78	132	20	0.000845822	0.000845822	6.83357
4265800	477.658	18	84	113	0.00174177	0.00175375	7.22061
4277000	477.77	44	122	63	0.00254034	0.00254034	7.23968
4280200	477.802	51	133	9	0.00263576	0.00263576	7.24514
4287800	477.878	43	4	99	0.00248589	0.00248589	7.25808
4296400	477.964	70	122	85	0.00101264	0.00101264	6.78894
4348800	478.488	129	74	117	0.00443365	0.00443365	7.36201
4353000	478.53	82	7	92	0.00158677	0.00158677	7.19247
4374600	478.746	78	49	70	0.0014093	0.0014093	7.07686
4406600	479.066	74	116	96	0.000623262	0.000623262	6.9948
4417800	479.178	102	7	74	0.00328491	0.00330888	7.47958
4423800	479.238	57	92	12	0.000677353	0.000767233	7.3146
4447400	479.474	83	79	120	0.00144424	0.00144424	7.41229
4460200	479.602	74	101	69	0.000695743	0.000695743	7.05647
4460400	479.604	14	30	101	0.00270262	0.00270262	7.55218
4467200	479.672	136	98	77	0.00203583	0.00217963	7.56377
4492600	479.926	114	64	57	0.00329274	0.00362829	7.60706
4495800	479.958	2	50	29	0.00315027	0.00315027	7.61252
4504600	480.046	38	124	29	0.00257153	0.00257753	7.62752
4520200	480.202	11	108	101	0.00364068	0.00364068	7.65411
4534600	480.346	69	33	108	0.000655987	0.000655987	7.19318
4556200	480.562	92	25	87	0.00254211	0.00254211	7.71548
4591400	480.914	116	3	117	0.00205473	0.00205473	7.77549
4621200	481.212	7	51	92	0.00434349	0.00436146	7.8263
4621400	481.214	93	126	15	0.00375908	0.00375908	7.82664
4630200	481.302	113	63	29	0.00367054	0.0037724	7.84164
4681600	481.816	52	123	122	0.00112468	0.00112468	7.9293
4686400	481.864	29	138	44	0.00205277	0.00220257	7.93748
4688800	481.888	26	67	39	0.00232954	0.00232954	7.94157
4705600	482.056	71	113	101	0.000611566	0.000611566	7.29443
4710400	482.104	51	13	122	0.00128226	0.00131222	7.97841
4718200	482.182	4	52	72	0.00416338	0.00416338	7.99172
4724400	482.244	8	65	64	0.00371689	0.00371689	8.00229
4752200	482.522	79	44	108	0.000654738	0.000654738	7.74809
4761600	482.616	69	13	129	0.000631144	0.000631144	7.46624
4809600	483.096	16	139	75	0.00173872	0.00215216	8.14762
4845400	483.454	73	86	11	0.000560938	0.000560938	7.76914
4854000	483.54	78	135	3	0.00107373	0.00107373	7.90062
4861200	483.612	42	96	47	0.00341982	0.00341982	8.23566
4882000	483.82	59	40	12	0.00140737	0.00140737	8.03521
4906400	484.064	123	49	88	0.00383213	0.00383213	8.31279
4934000	484.34	3	137	131	0.00209755	0.00209755	8.35988
4940200	484.402	6	77	80	0.0036892	0.00383301	8.37047
4943800	484.438	78	50	36	0.00121448	0.00121448	8.09091
4959200	484.592	112	67	140	0.0017545	0.0017545	8.40289
4974200	484.742	107	101	106	0.00346839	0.00346839	8.42849
4978400	484.784	25	130	78	0.00315906	0.00320101	8.43566
4988800	484.888	42	57	42	0.00247576	0.00247576	8.45341
4993800	484.938	58	46	116	0.000697214	0.000709198	8.25871
4994000	484.94	126	20	116	0.00257715	0.00258314	8.46229
5003400	485.034	108	22	60	0.00417406	0.00417406	8.47833
5008400	485.084	66	10	133	0.000627673	0.000627673	7.63191
5019600	485.196	49	37	21	0.001903	0.001903	8.50598
5022600	485.226	66	123	63	0.00115207	0.00115207	8.09556
5032600	485.326	77	18	84	0.000624681	0.000840393	8.17203
5038400	485.384	44	116	11	0.00167099	0.00182079	8.53808
5070600	485.706	118	40	77	0.00231665	0.00234661	8.59305
5071200	485.712	110	106	55	0.0046444	0.0046444	8.59407
5099600	485.996	68	99	27	0.000741354	0.000741354	8.21112
5112200	486.122	72	2	29	0.000760639	0.000760639	8.26656
5113600	486.136	7	98	115	0.00244897	0.00244897	8.66646
5114000	486.14	14	98	135	0.00392818	0.00395814	8.66714
5116200	486.162	58	82	125	0.000926042	0.000932034	8.47459
5116200	486.162	120	124	135	0.00248849	0.00248849	8.6709
5131600	486.316	89	125	100	0.00218169	0.00221165	8.69719
5139600	486.396	77	85	18	0.000592536	0.000592536	8.20758
5157200	486.572	24	70	51	0.00137483	0.00146471	8.74091
5163800	486.638	123	49	103	0.00367291	0.00372684	8.75218
5164200	486.642	40	76	92	0.00208388	0.00208388	8.75286
5175200	486.752	43	30	16	0.00295589	0.00295589	8.77165
5176800	486.768	24	101	4	0.00318076	0.00318076	8.77438
5179000	486.79	66	65	135	0.000860331	0.000860331	8.41336
5181600	486.816	21	46	103	0.00190362	0.00213132	8.78257
5188400	486.884	41	84	60	0.00283006	0.00284803	8.79419
5211400	487.114	19	10	11	0.00684396	0.00684396	8.83347
5213200	487.132	116	61	80	0.00288294	0.00298481	8.83654
5237600	487.376	24	102	93	0.00358845	0.00358845	8.87821
5269800	487.698	130	129	138	0.0028316	0.00303533	8.93321
5284400	487.844	9	29	130	0.00275781	0.00275781	8.95815
5299400	487.994	135	92	10	0.00532325	0.00532325	8.98378
5312200	488.122	51	25	124	0.00147091	0.00151885	9.00564
5314000	488.14	74	30	81	0.000770034	0.000770034	8.56388
5321000	488.21	124	18	51	0.00101081	0.00163397	9.02068
5340200	488.402	2	69	42	0.0022347	0.0022347	9.05348
5351000	488.51	120	88	63	0.0041493	0.0041493	9.07193
5360400	488.604	35	23	24	0.00243936	0.00257718	9.08799
5381000	488.81	14	37	139	0.0016959	0.0016959	9.12319
5387200	488.872	129	36	17	0.0060279	0.00603989	9.13378
5391200	488.912	28	56	44	0.00209587	0.00209587	9.14062
5391600	488.916	127	89	129	0.00341612	0.00341612	9.1413
5412600	489.126	140	121	84	0.00166345	0.00166345	9.17718
5422200	489.222	20	48	55	0.00357725	0.00357725	9.19359
5423800	489.238	14	121	133	0.00494357	0.00494357	9.19632
5445600	489.456	133	83	75	0.00366727	0.00366727	9.23357
5459800	489.598	12	5	89	0.00339004	0.00344996	9.25784
5460400	489.604	84	136	28	0.00124444	0.00124444	9.18773
5470000	489.7	83	119	121	0.00133732	0.00133732	9.17876
5473000	489.73	125	25	105	0.00237209	0.00238407	9.2804
5480200	489.802	84	121	37	0.00133032	0.00133032	9.22763
5484400	489.844	27	112	70	0.00234702	0.00234702	9.29989
5485600	489.856	92	126	39	0.0027403	0.0027403	9.30194
5499600	489.996	36	88	29	0.00377799	0.00401168	9.32586
5528800	490.288	63	33	33	0.000864954	0.000864954	9.0496
5547800	490.478	62	65	40	0.000817508	0.0008235	9.10251
5596600	490.966	20	97	107	0.00264586	0.00264586	9.49168
5603600	491.036	93	28	33	0.0024791	0.00271278	9.50364
5614000	491.14	117	28	104	0.00272326	0.00273524	9.52143
5622000	491.22	27	92	86	0.00237904	0.00245095	9.5351
5626000	491.26	59	124	48	0.000810081	0.000893969	9.30948
5659400	491.594	102	135	26	0.00325425	0.00376956	9.59905
5665800	491.658	23	114	111	0.0043788	0.00441475	9.60999
5666000	491.66	127	128	86	0.00567479	0.00567479	9.61034
5683400	491.834	46	104	76	0.00294062	0.00300653	9.64009
5714800	492.148	26	108	28	0.00144749	0.00144749	9.69379
5726600	492.266	69	110	76	0.000706091	0.000706091	9.12999
5726800	492.268	31	91	130	0.00336424	0.00336424	9.71431
5729400	492.294	81	44	120	0.000941137	0.000941137	9.49062
5732400	492.324	100	105	51	0.00247607	0.00248206	9.72389
5733800	492.338	64	99	114	0.000298128	0.000316104	7.78129
5797200	492.972	13	84	107	0.00161788	0.00161788	9.83472
5819800	493.198	124	21	51	0.00137543	0.00203455	9.87338
5824800	493.248	91	104	55	0.00229933	0.00252104	9.88193
5825000	493.25	70	35	52	0.0011792	0.0011792	9.50352
5863400	493.634	3	134	116	0.00220097	0.00220097	9.94797
5868400	493.684	88	26	35	0.00159322	0.00171306	9.95652
5870000	493.7	99	38	119	0.00291898	0.00291898	9.95926
5886600	493.866	24	15	94	0.00291273	0.00291273	9.98766
5890400	493.904	76	22	29	0.000835267	0.000835267	9.62963
5902200	494.022	90	45	98	0.00155987	0.00155987	10.0144
5917600	494.176	3	140	19	0.000376426	0.000376426	10.0407
5937400	494.374	71	90	57	0.000767846	0.000767846	9.23245
5971000	494.71	61	7	111	0.000772615	0.000772615	9.71813
5974800	494.748	137	97	71	0.00236137	0.00261902	10.1386
5975800	494.758	14	33	56	0.00276482	0.00289664	10.1403
5981800	494.818	31	77	102	0.00144687	0.00154275	10.1506
5986400	494.864	62	91	94	0.000958599	0.000958599	9.6881
5990400	494.904	129	121	24	0.00539325	0.00539325	10.1653
5990800	494.908	1	27	73	0.00292186	0.00292186	10.166
6079800	495.798	121	14	113	0.00183009	0.00184208	10.3183
6086200	495.862	35	62	95	0.00162197	0.00205938	10.3293
6122400	496.224	55	73	105	0.00160623	0.00160623	10.3342
6137200	496.372	137	108	134	0.0030639	0.0030639	10.4166
6155800	496.558	119	89	52	0.00238762	0.00265127	10.4484
6169600	496.696	63	89	122	0.000552317	0.000552317	9.57516
6175200	496.752	116	17	119	0.00212218	0.00213416	10.4816
6177400	496.774	113	139	52	0.00270617	0.00270617	10.4854
6181600	496.816	106	19	127	0.00181148	0.00266834	10.4926
6217000	497.17	119	32	81	0.00131705	0.00139495	10.5532
6224000	497.24	82	31	19	0.00104199	0.00121576	10.3802
6229000	497.29	59	117	139	0.000762243	0.000762243	10.3615
6276800	497.768	13	113	3	0.00214028	0.00214028	10.6556
6279000	497.79	4	140	26	0.000650078	0.000650078	10.6594
6285600	497.856	21	99	23	0.0026487	0.0026487	10.6707
6291000	497.91	10	15	39	0.00387061	0.00387061	10.6799
6294200	497.942	31	98	61	0.00185096	0.00190489	10.6854
6295800	497.958	91	139	119	0.00178552	0.00178552	10.6882
6297200	497.972	20	75	101	0.00229378	0.00229378	10.6906
6317200	498.172	61	126	115	0.000911361	0.000911361	10.392
6319000	498.19	46	105	20	0.00237271	0.00237271	10.7279
6321600	498.216	29	70	115	0.00250204	0.00250204	10.7324
6339400	498.394	55	90	15	0.000885465	0.000993321	10.0071
6344800	498.448	83	27	17	0.00144616	0.00161993	10.4644
6356000	498.56	109	66	85	0.00286064	0.00341191	10.7913
6360800	498.608	3	80	119	0.00249723	0.00249723	10.7995
6387400	498.874	22	116	25	0.00197239	0.00197239	10.8451
6397000	498.97	136	3	119	0.00167676	0.00167676	10.8615
6397400	498.974	43	127	124	0.00331814	0.00336608	10.8622
6400800	499.008	16	41	50	0.00208602	0.00208602	10.868
6409400	499.094	101	72	102	0.00168411	0.00174403	10.8828
6410000	499.1	106	73	106	0.00236405	0.00250187	10.8838
6426400	499.264	97	76	129	0.00324644	0.00324644	10.9119
6433000	499.33	54	51	126	0.00110326	0.00110326	10.9232
6436600	499.366	60	43	26	0.000740785	0.000740785	10.3224
6464800	499.648	13	88	115	0.00129704	0.00133299	10.9777
6465000	499.65	59	51	117	0.00054636	0.00054636	9.8736
6480000	499.8	120	21	21	0.00593121	0.00593121	11.0037
6488600	499.886	3	12	100	0.00203343	0.00203943	11.0185
6496000	499.96	77	17	85	0.00022321	0.000504834	4.85408
6500400	500.004	57	17	93	0.00109417	0.00109417	10.6599
6501000	500.01	32	34	90	0.00368554	0.00368554	11.0397
6501600	500.016	118	14	84	0.00273079	0.00286262	11.0407
6506200	500.062	96	3	2	0.00202356	0.00202956	11.0486
6514400	500.144	120	105	12	0.00548099	0.00548099	11.0627
6515000	500.15	7	112	37	0.00293933	0.00293933	11.0637
6522400	500.224	51	116	120	0.00121113	0.00121113	11.0764
6542400	500.424	6	80	52	0.00316138	0.00316138	11.1107
6543000	500.43	114	58	53	0.00331603	0.0036396	11.1117
6587600	500.876	127	31	90	0.00296319	0.00296319	11.1881
6587800	500.878	71	105	6	0.000419876	0.000419876	10.0575
6588400	500.884	4	122	122	0.00178553	0.00178553	11.1895
6593000	500.93	48	6	108	0.00174954	0.00174954	11.1974
6597200	500.972	26	45	120	0.0027329	0.0027329	11.2046
6604200	501.042	65	112	9	0.000572903	0.000572903	10.2105
6632000	501.32	122	123	119	0.00380245	0.00380245	11.2643
6641600	501.416	16	5	50	0.00242158	0.00242158	11.2807
6642200	501.422	65	24	59	0.00101421	0.00101421	10.8253
6645400	501.454	25	95	60	0.00227543	0.0023773	11.2872
6658000	501.58	140	125	24	0.00151806	0.00151806	11.3088
6663200	501.632	25	84	61	0.00194077	0.00198271	11.3177
6677800	501.778	15	63	18	0.0050825	0.0050825	11.3428
6680400	501.804	135	5	17	0.00478312	0.00478312	11.3472
6691200	501.912	133	19	64	0.00391861	0.00394258	11.3657
6709800	502.098	56	19	63	0.00163647	0.00163647	11.2491
6710800	502.108	4	52	117	0.00168641	0.0016924	11.3994
6716400	502.164	104	130	66	0.00287259	0.00340587	11.409
6729600	502.296	93	102	84	0.00263521	0.00263521	11.4316
6742400	502.424	52	13	129	0.00126536	0.00136723	11.4535
6747800	502.478	29	19	32	0.00356153	0.00356153	11.4628
6749600	502.496	92	72	5	0.00148643	0.00172611	11.4659
6751600	502.516	109	92	15	0.00311567	0.00315761	11.4693
6753200	502.532	48	130	47	0.00228775	0.00228775	11.4721
6762800	502.628	49	121	36	0.00195579	0.00195579	11.4885
6764800	502.648	127	9	32	0.00371596	0.00382981	11.4919
6791400	502.914	79	50	48	0.00107309	0.00108508	11.0066
6806400	503.064	17	18	99	0.0012508	0.00125679	11.5633
6824000	503.24	106	2	133	0.00189992	0.00189992	11.5935
6824400	503.244	47	14	126	0.00175983	0.00201748	11.5942
6831800	503.318	61	54	9	0.00165277	0.00165277	11.1553
6843000	503.43	3	54	124	0.00187089	0.00188887	11.6261
6846400	503.464	124	76	72	0.00294522	0.00307105	11.6319
6847600	503.476	5	25	33	0.00350653	0.00351852	11.634
6861000	503.61	38	12	115	0.00377672	0.00377672	11.6569
6869000	503.69	110	63	82	0.00120108	0.00159056	11.6707
6873400	503.734	54	78	16	0.00183106	0.00183106	11.6782
6882800	503.828	90	99	93	0.00155725	0.00155725	11.6943
6894400	503.944	92	83	48	0.00279483	0.00279483	11.7142
6903600	504.036	139	126	9	0.0026059	0.0026059	11.73
6905400	504.054	42	106	127	0.00381524	0.00381524	11.7331
6913800	504.138	41	11	73	0.00267452	0.00268052	11.7475
6931200	504.312	12	59	44	0.00247123	0.00247123	11.7774
6934200	504.342	121	65	29	0.00392279	0.00424636	11.7825
6946200	504.462	36	36	135	0.00303114	0.00303114	11.8031
6955600	504.556	59	48	74	0.0015543	0.0015543	11.4732
6977000	504.77	97	75	48	0.00258389	0.00258989	11.8559
6982800	504.828	38	137	3	0.00221136	0.00221136	11.8659
6997800	504.978	41	64	35	0.00201357	0.00201357	11.8916
7005800	505.058	16	73	61	0.002011	0.002011	11.9054
7020600	505.206	17	16	66	0.00513912	0.005229	11.9308
7030400	505.304	7	25	99	0.00169323	0.00169323	11.9476
7060400	505.604	55	136	138	0.0012972	0.0012972	11.9527
7068600	505.686	89	60	130	0.00182614	0.00204185	12.0131
7089600	505.896	22	78	59	0.00142806	0.00145202	12.0492
7100200	506.002	93	81	3	0.00159493	0.00174473	12.0674
7103400	506.034	87	71	6	0.000681352	0.000879088	12.0729
7106800	506.068	94	85	77	0.00430243	0.00430243	12.0787
7114800	506.148	31	102	31	0.0018941	0.0018941	12.0924
7129000	506.29	84	65	117	0.00128849	0.00128849	12.0135
7129800	506.298	5	120	67	0.00425129	0.00425129	12.1182
7150400	506.504	37	27	29	0.00236338	0.00254314	12.1535
7166400	506.664	69	45	102	0.000418559	0.000418559	10.7889
7191800	506.918	137	108	80	0.00197298	0.00197298	12.2246
7193000	506.93	71	9	3	0.000619614	0.000619614	11.1814
7196000	506.96	51	109	78	0.00156388	0.00159983	12.2318
7207200	507.072	15	132	121	0.00403084	0.00403084	12.251
7228200	507.282	57	19	2	0.000456747	0.000456747	10.7021
7229000	507.29	54	109	35	0.00146562	0.00146562	12.2885
7236600	507.366	103	71	118	0.00308014	0.00308014	12.3015
7239000	507.39	73	136	21	0.000446258	0.000446258	10.5605
7240000	507.4	47	123	130	0.00195204	0.001982	12.3073
7248400	507.484	83	6	45	0.00106889	0.00106889	12.1614
7255600	507.556	74	104	140	0.000356563	0.000356563	11.3256
7272800	507.728	16	28	122	0.00272304	0.00272304	12.3637
7290400	507.904	32	87	85	0.00185375	0.00190768	12.3939
7294200	507.942	75	30	88	0.000421706	0.000421706	10.6688
7311600	508.116	81	39	126	0.00120138	0.00120138	11.7546
7316400	508.164	34	64	30	0.00189901	0.00189901	12.4385
7348800	508.488	84	26	103	0.00103305	0.00103305	12.3517
7352600	508.526	8	100	18	0.00164755	0.00164755	12.5007
7352800	508.528	99	113	48	0.00179368	0.00182963	12.501
7356600	508.566	67	103	130	0.000545667	0.000545667	11.1779
7363200	508.632	57	84	131	0.000883397	0.000883397	11.6474
7377200	508.772	24	9	46	0.00307717	0.00307717	12.5429
7395400	508.954	40	133	97	0.00320635	0.00342206	12.5742
7408200	509.082	37	82	135	0.0022323	0.0022323	12.5962
7415400	509.154	11	19	96	0.00119477	0.00120076	12.6086
7448400	509.484	3	100	33	0.00213536	0.00213536	12.6652
7458800	509.588	35	15	100	0.00283311	0.00283311	12.6831
7477000	509.77	62	124	46	0.000328927	0.000358887	10.239
7478000	509.78	60	65	45	0.000490995	0.000490995	10.9955
7485000	509.85	42	53	84	0.00182914	0.00197295	12.7281
7496600	509.966	42	130	75	0.00298422	0.00298422	12.7481
7524600	510.246	64	97	95	0.000526057	0.000526057	10.8598
7545200	510.452	57	30	115	0.000706059	0.000706059	12.3519
7559600	510.596	84	12	116	0.00211494	0.00211494	12.685
7570200	510.702	41	40	119	0.00018746	0.00024738	12.8745
7573600	510.736	92	1	7	0.000615226	0.000645186	12.8804
7576400	510.764	85	40	104	0.000541039	0.000541039	12.8852
7583000	510.83	58	72	70	0.00140406	0.00140406	12.6204
7584800	510.848	119	83	40	0.00397616	0.00397616	12.8996
7593800	510.938	8	43	126	0.00244832	0.00244832	12.9151
7606000	511.06	131	94	38	0.00507055	0.00507055	12.936
7606600	511.066	65	79	43	0.000709479	0.000709479	11.8469
7608000	511.08	42	38	119	0.00137978	0.00160149	12.9395
7610200	511.102	128	107	113	0.00221365	0.00221365	12.9432
7616000	511.16	37	124	58	0.00209229	0.00210427	12.9532
7638400	511.384	49	24	80	0.00212063	0.00212063	12.9917
7673200	511.732	140	121	34	0.00207826	0.00207826	13.0515
7673800	511.738	83	59	25	0.00170667	0.00170667	12.7916
7676800	511.768	66	82	25	0.00055749	0.00055749	11.5545
7688400	511.884	68	14	43	0.000584099	0.000590091	12.0396
7724000	512.24	10	134	19	0.00189222	0.00189222	13.1388
7753600	512.536	58	13	85	0.000509735	0.000509735	11.4737
7759400	512.594	2	120	12	0.00119132	0.00119132	13.1997
7784600	512.846	102	112	113	0.00149524	0.00153719	13.243
7785000	512.85	119	85	139	0.00220533	0.00220533	13.2437
7788200	512.882	51	27	119	0.000820881	0.000868817	13.2492
7803400	513.034	87	38	37	0.00195446	0.00195446	13.2753
7829600	513.296	118	44	95	0.0012263	0.0012263	13.3204
7838200	513.382	139	85	104	0.00203546	0.00203546	13.3352
7854000	513.54	104	123	105	0.0016838	0.0019115	13.3623
7891200	513.912	11	33	50	0.00216108	0.00235282	13.4263
7898800	513.988	73	134	115	0.000624671	0.000624671	12.4909
7905800	514.058	30	74	126	0.00156757	0.00156757	13.4514
7918800	514.188	132	69	95	0.00264584	0.00281961	13.4738
7919600	514.196	5	59	108	0.00251066	0.00251066	13.4752
7935800	514.358	139	98	110	0.00130863	0.00130863	13.503
7935800	514.358	39	17	57	0.00333116	0.00379853	13.503
7938800	514.388	28	114	53	0.00234682	0.00234682	13.5082
7960000	514.6	115	90	55	0.00118645	0.00143212	13.5446
7969400	514.694	81	93	5	0.000522768	0.000522768	12.4679
7989200	514.892	27	38	45	0.00239072	0.00239072	13.5949
7989400	514.894	112	23	40	0.00371935	0.00371935	13.5952
7999000	514.99	42	51	90	0.00155716	0.00160509	13.6117
8003800	515.038	64	64	86	0.000679264	0.000679264	12.9174
8016800	515.168	101	81	94	0.00280737	0.00283134	13.6423
8018000	515.18	39	112	3	0.00166444	0.00166444	13.6444
8019200	515.192	51	55	132	0.00148667	0.00148667	13.6465
8020000	515.2	75	48	51	0.000537903	0.000543895	11.2037
8037600	515.376	25	40	102	0.00148048	0.00149246	13.6781
8038200	515.382	63	11	71	0.000435258	0.000435258	12.2664
8043600	515.436	137	125	97	0.00259034	0.00265625	13.6885
8047400	515.474	105	29	136	0.00159876	0.00189836	13.695
8049600	515.496	98	116	123	0.00225472	0.00225472	13.6988
8066600	515.666	84	99	9	0.000818969	0.000818969	13.4143
8078600	515.786	124	71	133	0.00237292	0.00237292	13.7487
8090000	515.9	57	21	25	0.000715093	0.000715093	12.9527
8108600	516.086	42	125	83	0.00177402	0.00181597	13.8003
8110800	516.108	43	26	133	0.00263545	0.00263545	13.8041
8119000	516.19	134	42	35	0.00470619	0.00470619	13.8182
8136400	516.364	55	118	92	0.00146083	0.00146083	13.6317
8137800	516.378	94	82	2	0.000344975	0.00108798	10.7563
8156400	516.564	26	119	32	0.00127293	0.00127293	13.8825
8162800	516.628	116	12	56	0.0020357	0.0020357	13.8935
8165800	516.658	93	136	91	0.00297116	0.00297116	13.8987
8195200	516.952	99	31	94	0.00178439	0.00178439	13.9493
8195600	516.956	73	92	32	0.000459684	0.000459684	11.7087
8216800	517.168	54	44	120	0.000610539	0.000610539	13.4031
8238200	517.382	121	109	89	0.00254331	0.00288485	14.0233
8251600	517.516	22	103	73	0.00121832	0.00164375	14.0464
8255200	517.552	93	108	54	0.000724742	0.000982398	14.0526
8287800	517.878	91	82	127	0.00179791	0.00181588	14.1087
8300600	518.006	71	17	42	0.000367767	0.000397727	10.8734
8320200	518.202	118	126	40	0.00224491	0.00288006	14.1645
8327600	518.276	123	5	122	0.00121187	0.00121187	14.1772
8330200	518.302	37	64	74	0.00212166	0.00286467	14.1817
8335600	518.356	69	7	64	0.00054134	0.00054134	12.5784
8336000	518.36	1	140	116	0.000276337	0.000276337	14.1917
8340600	518.406	65	55	98	0.000486838	0.000486838	12.5715
8341400	518.414	23	84	123	0.00155354	0.00155354	14.201
8354600	518.546	127	2	33	0.00144406	0.00155192	14.2237
8354800	518.548	25	1	3	0.00118449	0.00118449	14.224
8366200	518.662	103	109	108	0.00111356	0.00114352	14.2437
8367800	518.678	24	91	94	0.00124691	0.00124691	14.2464
8394000	518.94	89	76	97	0.00160245	0.00160245	14.2915
8394600	518.946	34	94	30	0.00122741	0.00140717	14.2926
8405600	519.056	117	125	36	0.00279234	0.00360126	14.3115
8443800	519.438	61	15	37	0.000877127	0.000877127	12.6468
8452600	519.526	114	38	95	0.00109884	0.00109884	14.3924
8453400	519.534	48	75	1	0.00149414	0.00149414	14.3938
8472800	519.728	100	112	86	0.00336908	0.00338706	14.4272
8523400	520.234	105	2	106	0.00186108	0.00186108	14.5144
8530000	520.3	44	98	111	0.00142636	0.00166005	14.5257
8547600	520.476	49	120	115	0.00110423	0.00111022	14.556
8561000	520.61	133	95	101	0.00138654	0.00153634	14.5791
8573400	520.734	135	10	127	0.00250534	0.00250534	14.6005
8620600	521.206	21	38	133	0.00175514	0.00175514	14.6818
8627600	521.276	77	103	19	0.00044578	0.00044578	12.3546
8638000	521.38	136	24	18	0.00359107	0.00359107	14.7118
8642200	521.422	124	28	58	0.00220659	0.00220659	14.719
8647600	521.476	17	79	18	0.00217979	0.00217979	14.7283
8660000	521.6	41	120	88	0.00219276	0.0022407	14.7497
8691200	521.912	53	59	66	0.00202528	0.00202528	14.8034
8704600	522.046	36	64	76	0.000799577	0.00159651	13.2031
8710000	522.1	108	81	52	0.00235265	0.00258634	14.8358
8728600	522.286	16	86	129	0.00211277	0.00211277	14.8679
8734800	522.348	115	75	18	0.00328825	0.00328825	14.8786
8737600	522.376	103	127	67	0.00103903	0.00175207	12.761
8751400	522.514	19	81	92	0.00122779	0.00122779	14.9072
8766200	522.662	64	103	64	0.000498186	0.000498186	12.7127
8786600	522.866	32	80	102	0.00034761	0.000629234	11.0526
8795200	522.952	92	39	109	0.000732121	0.000732121	14.9826
8808600	523.086	26	33	55	0.0025959	0.0025959	15.0057
8818600	523.186	132	136	14	0.00339242	0.00339242	15.023
8856000	523.56	36	44	101	0.00165212	0.00165212	15.0874
8873400	523.734	122	71	103	0.00238964	0.00238964	15.1174
8887400	523.874	36	82	89	0.000934893	0.000934893	15.1416
8888400	523.884	28	80	50	0.000761711	0.000791671	15.1433
8888800	523.888	76	116	139	0.000229309	0.000229309	11.9851
8911200	524.112	26	1	36	0.00177073	0.00177073	15.1826
8917400	524.174	5	96	124	0.00156861	0.00156861	15.1933
8917600	524.176	139	24	49	0.00165287	0.00165287	15.1936
8933400	524.334	140	113	75	0.000870997	0.000870997	15.2209
8936400	524.364	5	90	20	0.00174592	0.00174592	15.226
8973400	524.734	94	132	64	0.00218823	0.00218823	15.2898
8974600	524.746	41	26	87	0.0016611	0.0016611	15.2919
8981800	524.818	42	35	104	0.00184649	0.00184649	15.3043
8983600	524.836	68	98	8	0.000123993	0.000123993	9.59194
8987600	524.876	98	73	56	0.00189563	0.00190762	15.3143
8992200	524.922	99	119	48	0.000753248	0.000885072	15.3223
8996200	524.962	91	36	97	0.000656929	0.000656929	15.3291
9008400	525.084	71	127	100	0.000376794	0.000376794	12.616
9018600	525.186	77	89	127	0.000439511	0.000439511	12.9067
9039200	525.392	97	98	102	0.00103347	0.00103347	15.4033
9042400	525.424	49	82	10	0.0016531	0.0016531	15.4088
9060400	525.604	32	44	48	0.00200526	0.00201724	15.4399
9069600	525.696	127	4	133	0.00190871	0.00190871	15.4557
9070200	525.702	94	122	119	0.000963832	0.000963832	15.4568
9078200	525.782	125	36	36	0.0026633	0.00282508	15.4706
9081400	525.814	3	39	34	0.00182758	0.00182758	15.4761
9082000	525.82	66	75	86	0.000451794	0.000451794	13.543
9104200	526.042	41	90	139	0.00113841	0.00113841	15.5154
9104600	526.046	42	43	82	0.00240665	0.00240665	15.5161
9106000	526.06	74	37	27	0.000265142	0.000265142	11.7599
9131000	526.31	58	63	118	0.000338716	0.000338716	13.6602
9136600	526.366	30	55	91	0.00145394	0.00145394	15.5713
9149000	526.49	38	13	55	0.00125066	0.00166411	15.5927
9156000	526.56	102	1	90	0.000609858	0.000609858	15.6047
9167000	526.67	90	3	10	0.000794006	0.000883886	14.9817
9170800	526.708	95	100	116	0.00190293	0.00190293	15.6303
9190600	526.906	34	53	131	0.00201066	0.00201066	15.6644
9200800	527.008	6	110	28	0.000324101	0.000324101	15.682
9204400	527.044	23	25	26	0.00248868	0.00248868	15.6882
9229000	527.29	110	98	23	0.00216422	0.00216422	15.7307
9256600	527.566	121	66	71	0.00192867	0.00192867	15.7783
9264200	527.642	26	36	114	0.00152226	0.00152226	15.7914
9269000	527.69	58	19	31	0.000498788	0.000498788	12.5232
9286600	527.866	85	44	73	0.000949356	0.000949356	15.3443
9293200	527.932	108	65	131	0.0021914	0.0021914	15.8414
9298000	527.98	48	67	81	0.00109111	0.00109111	15.8497
9300200	528.002	85	106	76	0.000660525	0.000660525	15.4086
9302800	528.028	16	139	44	0.00093986	0.00093986	15.858
9303600	528.036	36	130	23	0.00199089	0.00199089	15.8594
9308200	528.082	1	97	58	0.00213528	0.00213528	15.8673
9313400	528.134	44	64	121	0.00101807	0.00101807	15.8763
9319600	528.196	85	124	99	0.00012028	0.0001802	9.99
9324600	528.246	55	40	97	0.000653173	0.000653173	14.3515
9326400	528.264	39	23	78	0.00166289	0.00166289	15.8987
9341600	528.416	78	91	84	0.000414011	0.000414011	14.1944
9355600	528.556	7	3	99	0.00131536	0.00131536	15.9491
9358000	528.58	50	100	14	0.000486954	0.000486954	15.9533
9358800	528.588	91	11	59	0.00162545	0.00162545	15.9546
9361400	528.614	130	28	113	0.00161416	0.00161416	15.9591
9366600	528.666	37	123	42	0.00124907	0.00124907	15.9681
9369800	528.698	112	50	35	0.00308247	0.00308247	15.9736
9427000	529.27	67	111	70	0.000187399	0.000187399	10.8563
9441600	529.416	140	93	84	0.000726442	0.000726442	16.0975
9460200	529.602	91	23	104	0.00137855	0.00137855	16.1297
9473200	529.732	58	74	97	0.000343414	0.000343414	13.902
9482200	529.822	99	40	85	0.00109927	0.00109927	16.1676
9484800	529.848	94	11	47	0.00145176	0.00145176	16.1721
9502000	530.02	100	42	127	0.000477566	0.00054947	15.3231
9514800	530.148	25	117	60	0.00137586	0.00137586	16.2239
9515000	530.15	68	129	41	0.000192535	0.000192535	12.1085
9518800	530.188	34	133	98	0.00189502	0.00229049	16.2308
9533600	530.336	108	61	59	0.00076038	0.00079034	16.2564
9560800	530.608	97	60	89	0.00177714	0.00177714	16.3033
9569400	530.694	101	119	45	0.000664594	0.000838362	16.3182
9571000	530.71	99	115	11	0.00174942	0.00174942	16.3209
9590800	530.908	77	67	99	0.000358609	0.000358609	14.1525
9591000	530.91	18	43	33	0.00190125	0.00191323	16.3555
9595400	530.954	92	84	18	0.00160807	0.00160807	16.3631
9620600	531.206	34	105	59	0.000921699	0.000921699	16.4066
9625400	531.254	35	82	71	0.00156846	0.00156846	16.4149
9625800	531.258	99	7	25	0.00363179	0.00363179	16.4156
9626200	531.262	35	69	77	0.000832073	0.000891993	16.4163
9628800	531.288	10	75	77	0.000677707	0.000887427	14.6872
9630600	531.306	68	9	123	0.000146316	0.000146316	9.47437
9640600	531.406	61	126	132	0.000186723	0.000186723	12.6164
9657600	531.576	92	100	10	0.00119308	0.00119308	16.4705
9680600	531.806	76	29	2	0.000465116	0.000465116	13.4018
9682800	531.828	32	9	57	0.0018604	0.0018664	16.514
9698400	531.984	86	67	22	0.000878521	0.000878521	16.5409
9705400	532.054	70	8	131	8.75283e-05	8.75283e-05	6.90166
9708400	532.084	66	128	38	0.00017996	0.00017996	11.8535
9717600	532.176	47	72	88	0.000417919	0.000489823	16.5741
9723400	532.234	90	110	20	0.000977093	0.000977093	16.5841
9729200	532.292	67	74	121	0.000154025	0.000154025	11.0893
9745200	532.452	106	79	51	0.000299806	0.00055147	14.0965
9748000	532.48	50	130	55	0.000674127	0.000674127	16.6266
9757200	532.572	46	73	86	0.000368574	0.000500398	16.6425
9772400	532.724	103	36	108	0.00122736	0.00122736	16.6688
9779400	532.794	117	104	109	0.00125659	0.00125659	16.6809
9803800	533.038	2	130	60	0.0014058	0.0014058	16.723
9807800	533.078	11	118	88	0.0018667	0.00204047	16.7299
9813200	533.132	8	81	27	0.00192997	0.00192997	16.7392
9813800	533.138	39	125	111	0.00248509	0.00248509	16.7403
9822000	533.22	130	6	72	0.00298283	0.00298283	16.7544
9825000	533.25	89	96	38	0.0015929	0.0015929	16.7596
9839200	533.392	20	49	29	0.00162728	0.00163328	16.7842
9869200	533.692	57	100	128	0.000348172	0.000348172	13.9726
9879000	533.79	83	65	52	0.000761764	0.000761764	16.1251
9916400	534.164	41	74	79	0.000823047	0.000823047	16.9175
9918800	534.188	56	134	93	0.000796489	0.000796489	16.3187
9925000	534.25	138	14	41	0.00153382	0.00153382	16.9324
9928600	534.286	132	128	107	0.00241359	0.00241359	16.9386
9954800	534.548	8	72	19	0.00211365	0.00211365	16.9839
9961800	534.618	85	136	139	0.000332661	0.000332661	16.996
9976200	534.762	8	113	87	0.00187482	0.00207855	17.0209
9987400	534.874	96	13	139	0.00134381	0.00134381	17.0402
9987800	534.878	44	41	15	0.00150358	0.00150358	17.0409
9992000	534.92	72	101	108	0.000107623	0.000107623	9.74118
9993800	534.938	104	97	127	0.00299465	0.00299465	17.0513
10003400	535	20	30	62	0.00158531	0.00158531	17.0622
10011600	535	115	96	55	0.000836825	0.000872777	17.0626
10033600	535	120	76	75	0.000750953	0.00107452	14.3565
10066800	535	63	23	114	0.000130972	0.000130972	10.1701
10080000	535	101	36	19	0.00190837	0.00200424	17.0659
10086600	535	41	67	76	0.000284894	0.000326838	16.3548
10100800	535	103	7	50	0.00114201	0.00114201	17.0669
10109600	535	123	36	35	0.000248926	0.00156117	8.90845
10118600	535	110	131	89	0.00309766	0.00309766	17.0677
10124400	535	76	115	62	0.000251749	0.000251749	12.9697
10131600	535	98	108	2	0.00112951	0.00112951	17.0684
10135400	535	107	48	12	0.00298657	0.00298657	17.0686
10147600	535	97	50	63	0.000790252	0.00084418	16.5261
10153600	535	68	94	47	0.000159136	0.000159136	11.8702
10164000	535	73	43	32	0.000127169	0.000127169	9.0156
10182800	535	101	30	32	0.00126837	0.00126837	17.0708
10189400	535	28	94	72	0.000896603	0.000896603	17.0712
10195600	535	59	128	126	0.000128321	0.000128321	10.245
10196800	535	136	125	94	0.000100665	0.000262449	9.0311
10227400	535	2	41	105	0.000735404	0.000735404	17.073
10234800	535	4	67	122	0.00124503	0.00130495	17.0734
10238400	535	31	117	34	0.00019257	0.00019257	15.0071
10251400	535	103	42	129	0.000308563	0.000482331	12.013
10254600	535	21	110	48	0.00157849	0.00157849	17.0743
10260800	535	31	59	19	0.000805984	0.00091384	15.7879
10269400	535	131	97	129	0.0002383	0.0002383	13.5754
10289800	535	25	58	118	0.000604005	0.000609997	17.076
10302400	535	37	65	114	0.00069278	0.00069278	17.0766
10327800	535	86	30	82	0.000219018	0.000219018	14.7688
10342800	535	21	61	117	0.000679155	0.000691139	17.0786
10351800	535	55	8	10	0.000536524	0.000536524	14.7021
10355400	535	40	120	26	9.44218e-05	0.000106406	11.6227
10369600	535	42	116	128	0.000747289	0.000747289	17.0799
10369600	535	48	49	28	0.000631848	0.000631848	17.0799
10400000	535	130	54	112	0.00146174	0.00146174	17.0813
10430600	535	125	49	98	0.000213768	0.00024972	10.4658
10443400	535	83	88	129	0.000304165	0.000304165	13.258
10444600	535	81	79	14	0.000124743	0.000124743	11.1223
10453600	535	31	81	132	0.000233915	0.000233915	16.122
10455800	535	133	140	21	0.000793612	0.000793612	17.084
10456800	535	17	93	135	0.000235743	0.000265703	13.3591
10462200	535	85	106	70	0.000208008	0.000208008	12.8496
10478800	535	66	100	51	0.000134406	0.000134406	11.7038
10479600	535	43	53	79	0.000383935	0.000497783	13.4835
10490600	535	106	121	50	0.000679066	0.000679066	17.0857
10502800	535	109	25	99	0.000759835	0.000759835	17.0863
10519800	535	15	9	87	0.000272373	0.000350269	12.1624
10521200	535	72	127	130	7.61083e-05	7.61083e-05	10.0465
10530800	535	140	13	118	0.000449177	0.000449177	17.0876
10548800	535	69	120	90	5.34243e-05	5.34243e-05	6.79482
10554600	535	19	119	108	0.000717096	0.000789	15.7108
10565600	535	3	57	93	0.000425343	0.000443319	15.7122
10583600	535	4	68	121	7.05035e-05	0.000256256	10.7436
10587800	535	131	64	14	0.00349032	0.00349032	17.0904
10612200	535	77	37	29	7.18487e-05	7.18487e-05	6.86731
10617600	535	61	65	99	7.1376e-05	7.1376e-05	10.8663
10634600	535	4	33	117	5.18411e-05	6.98171e-05	8.06265
10636000	535	18	77	76	0.00111585	0.00111585	17.0927
10644800	535	67	62	102	6.43201e-05	6.43201e-05	9.09069
10646000	535	83	83	97	0.000112361	0.000112361	13.5309
10654600	535	34	6	1	0.000827257	0.000827257	17.0936
10655800	535	60	125	81	0.000197134	0.000197134	13.2394
10660800	535	92	115	69	0.00127788	0.00127788	17.0939
10666800	535	122	38	137	0.00264229	0.00264229	17.0942
10674200	535	106	5	73	0.000145619	0.000259467	8.67876
10676600	535	14	24	128	0.000324896	0.000324896	12.3646
10686800	535	138	71	21	0.00181363	0.00181363	17.0952
10687400	535	112	122	70	0.00234505	0.00234505	17.0952
10702600	535	86	73	56	0.00037874	0.00037874	17.0959
10702600	535	57	65	100	0.000117564	0.000117564	12.0822
10715400	535	122	118	2	0.00194602	0.00194602	17.0966
10716800	535	65	97	75	0.000125769	0.000125769	10.4405
10726600	535	134	65	63	0.00188784	0.00194177	17.0971
10740800	535	48	76	129	0.000396852	0.000396852	17.0978
10745600	535	42	79	58	0.000284954	0.000344874	11.868
10753400	535	125	35	8	0.00245248	0.00250041	17.0984
10760000	535	1	84	56	0.000302352	0.000302352	15.6224
10771400	535	63	136	44	0.000142321	0.000142321	10.9877
10771600	535	45	94	70	0.000738421	0.000738421	17.0993
10775400	535	18	23	87	0.0010014	0.0010014	17.0995
10775600	535	13	128	96	0.00272637	0.00272637	17.0995
10797400	535	18	112	121	0.000833573	0.000833573	17.1005
10803600	535	34	28	101	0.000590354	0.000590354	17.1008
10808000	535	65	117	121	5.05928e-05	5.05928e-05	7.15732
10812400	535	45	111	120	0.000260902	0.000260902	15.9582
10820200	535	100	34	15	0.000531003	0.000644851	17.1016
10874200	535	134	34	117	0.00160215	0.00160215	17.1042
10881400	535	111	137	120	0.000819571	0.000819571	17.1046
10894200	535	7	26	140	0.000242511	0.000242511	15.9197
10897800	535	136	45	113	0.00181064	0.00181064	17.1054
10913400	535	3	108	104	0.00036619	0.00036619	16.585
10921400	535	89	111	26	0.000366077	0.000366077	17.1065
10931000	535	26	52	123	0.000211229	0.000211229	16.1387
10936600	535	100	96	91	0.000742952	0.000742952	17.1072
10944000	535	113	40	36	0.00104981	0.00104981	17.1076
10945200	535	95	37	91	5.30088e-05	5.30088e-05	15.2472
10962000	535	133	116	76	0.000970524	0.000970524	17.1085
10968400	535	59	15	20	0.000187178	0.000187178	10.8219
10974600	535	27	67	15	0.000176308	0.000278172	8.00956
10980800	535	46	98	103	0.000220633	0.000256585	10.0033
10995000	535	23	94	124	0.000387027	0.000387027	17.1101
11014800	535	23	124	88	0.000811056	0.000811056	17.111
11016000	535	12	2	41	0.000293749	0.000293749	15.7439
11037400	535	46	109	38	0.000260726	0.000260726	17.1121
11042200	535	73	81	107	4.86591e-05	4.86591e-05	8.08212
11042400	535	102	24	38	0.000643646	0.000643646	17.1124
11045000	535	29	55	4	0.00308085	0.00308085	17.1125
11063000	535	48	57	97	0.00035843	0.00035843	17.1133
11063800	535	122	76	124	0.00048105	0.00048105	17.1134
11070200	535	4	134	54	0.000942495	0.000942495	17.1137
11082000	535	128	118	135	0.000461392	0.000461392	17.1143
11084200	535	44	84	128	0.00038588	0.00038588	17.1144
11089000	535	106	117	114	0.000118509	0.000118509	12.1598
11103200	535	136	129	53	0.00102238	0.00102838	16.6495
11108000	535	9	21	85	0.00110205	0.00110205	17.1155
11112400	535	120	69	29	7.62203e-05	0.000238004	6.88522
11114600	535	3	29	28	0.000502523	0.000538475	14.021
11123400	535	135	69	58	0.00128092	0.00130489	17.1163
11127600	535	61	24	13	7.61467e-05	7.61467e-05	7.98079
11133400	535	127	26	101	5.6108e-05	6.8092e-05	6.29351
11136200	535	53	70	5	0.000390026	0.000390026	14.5055
11143200	535	107	53	76	0.000686661	0.000686661	17.1172
11144200	535	79	71	72	0.000256017	0.000256017	13.7293
11189000	535	92	32	9	0.00133196	0.00133196	17.1194
11197200	535	101	41	61	0.000712569	0.000712569	17.1198
11199800	535	138	32	63	0.000919822	0.000919822	17.12
11201400	535	44	55	79	7.76952e-05	0.000107655	8.93095
11240800	535	31	80	19	0.000985143	0.000985143	17.1219
11316600	535	121	140	59	0.000544853	0.000544853	17.1256
11341800	535	113	41	48	0.000339591	0.000357567	14.0932
11342400	535	113	10	104	0.000432119	0.000432119	17.1268
11343800	535	41	127	97	0.000190774	0.000190774	12.9495
11345800	535	59	128	118	3.54924e-05	3.54924e-05	4.53529
11349200	535	88	89	60	0.000320291	0.000320291	16.1839
11350600	535	47	53	50	0.000637258	0.000637258	17.1272
11365200	535	70	136	80	0.00015267	0.00015267	12.1402
11370200	535	28	20	120	0.00125485	0.00125485	17.1282
11378600	535	113	68	112	0.000307383	0.000307383	17.1286
11417200	535	102	96	30	0.00112151	0.00112151	17.1304
11420600	535	19	12	63	0.000144662	0.000192598	10.0493
11420800	535	118	24	139	0.000881368	0.000881368	17.1306
11428800	535	5	125	42	0.000337556	0.000337556	17.131
11433800	535	17	32	134	3.64437e-05	3.64437e-05	6.22099
11441800	535	42	10	69	2.23155e-05	2.23155e-05	5.36451
11442200	535	100	72	16	0.000687377	0.000687377	17.1317
11459800	535	48	25	35	0.000585719	0.000585719	17.1325
11460000	535	106	118	32	0.00119609	0.00119609	17.1325
11488800	535	42	51	36	7.38797e-05	7.38797e-05	8.91929
11491000	535	92	134	100	0.000185128	0.000185128	14.9184
11525000	535	100	66	42	0.000834459	0.000834459	17.1357
11560400	535	1	94	10	0.000385268	0.000385268	17.1374
11581200	535	50	71	98	4.77614e-05	4.77614e-05	11.6495
11587200	535	30	52	105	0.000162534	0.000162534	16.3282
11609600	535	15	78	27	0.000310981	0.000310981	17.1397
11614400	535	104	84	97	0.00015649	0.00018645	9.81576
11623000	535	134	15	60	0.00014333	0.000179282	9.17155
11627800	535	90	81	85	0.000164978	0.000164978	17.1406
11639200	535	109	140	116	0.000262066	0.000262066	17.1412
11655200	535	53	21	48	0.000553757	0.000553757	15.6977
11659600	535	12	78	44	0.000306935	0.000306935	15.9394
11663800	535	81	37	23	9.63257e-05	9.63257e-05	7.92855
11670800	535	132	48	127	0.00165591	0.00165591	17.1427
11678400	535	3	26	1	0.00116335	0.00116335	17.1431
11679400	535	111	60	89	0.000135083	0.000135083	13.0936
11685000	535	68	83	127	2.4258e-05	2.4258e-05	4.44609
11687600	535	66	125	51	2.92755e-05	2.92755e-05	5.17412
11706600	535	97	85	98	4.13879e-05	4.13879e-05	7.79842
11711800	535	15	55	131	0.000683672	0.000683672	17.1447
11730000	535	116	4	95	0.000316438	0.000316438	17.1456
11764600	535	87	49	42	0.000276712	0.000276712	13.8532
11779000	535	100	117	90	0.000197657	0.000197657	14.0104
11803000	535	93	108	121	8.44504e-05	8.44504e-05	16.1663
11805400	535	119	28	127	0.000760663	0.000760663	17.1492
11807000	535	86	113	122	2.93307e-05	2.93307e-05	7.35137
11827800	535	135	135	103	0.000887275	0.000887275	17.1503
11844400	535	120	93	107	0.000666802	0.000666802	17.1511
11850000	535	35	59	52	0.000442746	0.000442746	16.5329
11870000	535	17	44	41	6.03792e-05	6.03792e-05	11.2793
11874000	535	42	96	77	0.000175753	0.000175753	15.7887
11883800	535	116	119	117	5.53082e-05	5.53082e-05	12.0505
11885400	535	125	7	86	0.000421519	0.000421519	17.1531
11898800	535	94	60	30	0.000340151	0.000340151	15.9305
11904000	535	23	76	84	0.000178333	0.000178333	17.154
11910800	535	133	36	64	0.000288524	0.000288524	16.7495
11912200	535	21	105	134	0.000567741	0.000567741	16.5883
11916000	535	54	72	86	2.64817e-05	2.64817e-05	6.21926
11940600	535	137	62	47	0.0016017	0.00163766	17.1557
11947600	535	87	102	25	9.84183e-05	9.84183e-05	13.0202
11965200	535	121	56	27	0.000670561	0.000670561	15.4217
11965400	535	105	107	7	0.000338156	0.000338156	16.2902
11976200	535	7	89	44	0.000773397	0.000773397	17.1574
11977800	535	113	53	72	0.000232733	0.000232733	17.1575
12007000	535	61	74	21	5.93867e-05	5.93867e-05	7.28783
12014800	535	113	105	86	0.000793717	0.000793717	17.1593
12019600	535	132	117	8	0.000864794	0.000864794	17.1595
12048600	535	7	89	98	0.000112951	0.000136919	9.14601
12073800	535	29	137	131	0.00174754	0.00174754	17.1622
12076600	535	135	77	21	0.000576298	0.00058229	17.1623
12093200	535	121	43	41	0.000441238	0.000441238	17.1631
12105000	535	29	132	70	0.000236025	0.000236025	14.6026
12115400	535	44	122	46	1.01626e-05	1.01626e-05	2.9917
12129600	535	102	49	101	7.18943e-05	7.18943e-05	10.7763
12148400	535	123	86	136	2.62724e-05	3.22644e-05	5.01835
12153000	535	37	101	88	0.000407674	0.000407674	17.166
12159800	535	64	125	9	2.17356e-05	2.17356e-05	4.30421
12160000	535	133	27	87	0.000310265	0.000310265	12.8578
12165200	535	94	59	133	0.000130116	0.000130116	11.8247
12174000	535	115	93	35	0.000580772	0.000580772	17.167
12178400	535	23	55	89	0.00024903	0.00024903	13.359
12183400	535	95	26	133	0.000192898	0.000192898	14.5855
12200400	535	101	132	44	0.000196904	0.000196904	17.1683
12205600	535	93	126	91	0.000128108	0.000128108	12.9799
12206800	535	40	32	26	6.17239e-05	6.17239e-05	7.9957
12221400	535	14	45	64	0.00046654	0.00046654	17.1693
12228800	535	20	5	80	0.000347868	0.000347868	17.1696
12242400	535	118	49	126	0.000842874	0.000842874	17.1703
12275200	535	108	4	87	3.55902e-05	3.55902e-05	7.99948
12276400	535	110	78	127	0.000346827	0.000346827	17.1719
12277400	535	100	36	38	0.000203147	0.000203147	17.172
12289200	535	4	133	73	0.000726533	0.000726533	17.1726
12299200	535	14	112	45	0.000245064	0.000245064	17.173
12301600	535	45	70	76	2.60827e-05	2.60827e-05	6.31164
12313000	535	102	19	123	0.000105549	0.000117533	9.91088
12324000	535	80	83	47	2.59725e-05	2.59725e-05	5.23592
12347000	535	100	125	119	2.41797e-05	2.41797e-05	7.9162
12347600	535	117	48	114	0.000429518	0.000429518	17.1754
12390600	535	26	2	76	0.000285	0.000285	17.1775
12405800	535	28	139	3	0.000407736	0.000407736	16.1729
12413200	535	41	32	110	3.05065e-05	3.05065e-05	9.40631
12425600	535	1	11	104	6.1343e-05	6.7335e-05	4.17433
12440200	535	53	124	26	2.77148e-05	2.77148e-05	6.16365
12497000	535	23	32	37	0.000166642	0.000166642	17.1826
12524400	535	39	80	34	0.000148779	0.000148779	16.1571
12527200	535	26	19	137	0.000788161	0.000788161	16.3369
12527200	535	125	25	64	2.98844e-05	2.98844e-05	6.70776
12547600	535	30	9	119	0.000847163	0.000847163	15.8534
12674400	535	12	114	96	5.21613e-05	5.21613e-05	8.87496
12677400	535	100	55	94	3.10266e-05	3.10266e-05	10.3013
12691200	535	105	50	44	0.000176158	0.000176158	17.192
12731200	535	22	129	97	0.000484135	0.000484135	17.1939
12764000	535	133	65	47	0.000588751	0.000642679	17.1955
12766600	535	34	16	34	0.000133017	0.000156985	8.82693
12767600	535	135	102	88	3.06604e-05	3.06604e-05	6.44734
12814000	535	78	30	62	5.14105e-05	5.14105e-05	8.60789
12866400	535	136	28	121	0.000387222	0.000387222	15.9285
12892200	535	78	72	67	2.33491e-05	2.33491e-05	5.60167
12896200	535	133	63	108	0.000162395	0.000162395	13.7046
12908200	535	124	53	64	9.60101e-05	9.60101e-05	13.5111
12948200	535	110	89	111	0.000262061	0.000262061	17.2044
12953400	535	111	9	25	0.000826166	0.000826166	17.2046
12957800	535	85	123	75	6.01521e-05	6.01521e-05	11.4829
13014800	535	7	83	16	0.00010221	0.00010221	8.24423
13045000	535	17	43	64	0.00015816	0.000176136	11.1872
13061400	535	21	68	64	8.31737e-05	8.31737e-05	10.5057
13082800	535	116	29	46	2.25227e-05	2.25227e-05	7.73759
13095600	535	48	129	102	3.38076e-05	3.38076e-05	7.3199
13099000	535	114	9	137	3.69716e-05	3.69716e-05	8.72478
13113400	535	103	91	23	5.27629e-05	5.27629e-05	11.5972
13156000	535	5	66	105	2.08317e-05	2.08317e-05	10.1379
13159800	535	6	118	55	0.000278287	0.000278287	17.2146
13164000	535	11	47	73	0.000254753	0.000254753	13.5876
13176400	535	113	35	13	9.77513e-05	9.77513e-05	10.1175
13187800	535	116	14	47	3.97239e-05	3.97239e-05	7.58868
13203200	535	104	133	46	2.93336e-05	2.93336e-05	8.04755
13242600	535	134	122	3	0.000117365	0.000117365	13.003
13272200	535	115	63	20	0.000185153	0.000185153	11.1448
13274200	535	42	128	91	9.44766e-06	9.44766e-06	3.00282
13325600	535	32	21	41	0.000104486	0.000104486	13.9135
13330400	535	2	15	123	0.000803913	0.000803913	17.2228
13371000	535	40	56	74	9.6648e-05	9.6648e-05	8.86226
13383000	535	48	46	13	9.05444e-05	9.05444e-05	8.76395
13411000	535	11	134	76	9.26729e-05	9.26729e-05	9.82427
13460400	535	4	15	135	0.000965171	0.000965171	17.2291
13463400	535	93	88	42	2.7145e-05	2.7145e-05	7.17187
13475000	535	10	40	31	5.42489e-05	5.42489e-05	6.62466
13512800	535	110	111	70	0.000456058	0.000456058	17.2316
13557800	535	97	29	134	1.01514e-05	1.01514e-05	4.57687
13570600	535	56	14	44	6.91904e-05	6.91904e-05	8.44696
13622200	535	120	1	47	7.25696e-05	7.25696e-05	15.8407
13624800	535	20	91	23	1.5857e-05	1.5857e-05	4.71393
13636200	535	61	38	48	4.43698e-05	4.43698e-05	6.78999
13663800	535	8	66	131	0.000228173	0.000228173	13.6601
13673400	535	135	107	51	0.000586886	0.000586886	17.2394
13680600	535	66	9	17	2.37617e-05	2.37617e-05	3.56417
13702400	535	131	80	50	4.69526e-05	4.69526e-05	8.09347
13704000	535	26	64	79	8.8085e-05	8.8085e-05	12.9353
13718400	535	31	9	21	0.000215798	0.000215798	15.8319
13755400	535	22	9	115	0.00056597	0.00056597	17.2434
13756000	535	112	136	107	4.12503e-05	4.12503e-05	10.976
13757200	535	35	123	5	3.75194e-05	3.75194e-05	9.55016
13758800	535	7	103	77	0.000403511	0.000403511	17.2435
13786600	535	99	84	72	6.25973e-05	6.25973e-05	10.0797
13822000	535	87	33	11	2.31545e-05	2.31545e-05	4.64156
13834600	535	70	49	72	6.4851e-06	6.4851e-06	1.51314
13872600	535	102	11	35	6.44842e-05	6.44842e-05	17.249
13896800	535	28	29	86	3.12361e-05	3.12361e-05	5.55355
13935400	535	102	53	110	2.4465e-06	2.4465e-06	3.50958
13948200	535	120	42	109	1.73539e-05	1.73539e-05	6.17702
14027800	535	1	107	82	0.00011212	0.00011212	17.2565
14054600	535	113	20	7	0.00116237	0.00116237	17.2578
14056400	535	120	139	107	6.3918e-05	6.3918e-05	13.7274
14263800	535	9	93	34	1.25943e-05	1.25943e-05	6.44976
14338200	535	95	19	12	0.000195048	0.000195048	15.9889
14345400	535	25	135	22	3.01558e-05	3.01558e-05	11.3086
14357600	535	104	93	7	2.68637e-05	2.68637e-05	7.48784
14377000	535	21	32	80	0.000137315	0.000137315	15.9763
14402000	535	13	2	72	0.000143324	0.000143324	17.2746
14457000	535	27	126	4	3.18226e-05	3.18226e-05	13.3335
14585400	535	4	38	22	0.000223834	0.000223834	13.2075
14599000	535	105	80	78	3.69539e-05	3.69539e-05	12.0055
14600000	535	139	70	33	0.000228117	0.000228117	17.2841
14671200	535	5	34	78	3.50861e-05	3.50861e-05	12.9306
14692200	535	28	1	109	6.71657e-05	6.71657e-05	12.32
14715600	535	112	108	28	2.87906e-05	2.87906e-05	11.4059
14740000	535	13	37	75	0.000103625	0.000103625	17.2909
14811200	535	136	43	48	7.73297e-05	7.73297e-05	15.8161
14840200	535	34	135	115	7.29263e-05	7.29263e-05	14.9919
14875400	535	28	133	63	1.32483e-06	1.32483e-06	4.11925
14894400	535	48	34	4	3.51648e-05	3.51648e-05	7.21193
14906600	535	125	54	83	1.67093e-05	1.67093e-05	3.60629
14922800	535	112	46	8	6.76513e-05	6.76513e-05	6.77799
14923400	535	14	56	64	1.20334e-05	1.20334e-05	4.21351
14930200	535	110	135	35	2.77837e-05	2.77837e-05	5.79037
14982600	535	59	32	54	1.13653e-05	1.13653e-05	4.21799
15090600	535	12	1	33	6.89839e-05	6.89839e-05	10.0871
15162400	535	137	63	26	9.19336e-05	9.19336e-05	13.4334
15167800	535	33	42	74	8.26397e-05	8.26397e-05	15.0152
15236200	535	98	92	71	9.64042e-06	9.64042e-06	4.80904
15295600	535	138	65	10	6.74725e-05	6.74725e-05	7.23461
15296800	535	111	129	80	8.07557e-06	8.07557e-06	4.47996
15392400	535	43	9	140	0.000126372	0.000126372	11.9936
15403800	535	24	136	101	3.13938e-05	3.13938e-05	11.1926
15438600	535	1	56	27	2.11008e-05	2.11008e-05	2.19467
15504800	535	22	54	71	1.68488e-05	1.68488e-05	10.1455
15512400	535	38	7	16	1.3119e-05	1.3119e-05	6.23133
15621600	535	2	94	78	2.11525e-05	2.11525e-05	17.3335
15645600	535	137	46	63	6.94502e-06	6.94502e-06	4.93827
15651200	535	127	104	78	3.29616e-06	3.29616e-06	4.98069
15665400	535	140	35	12	8.31438e-05	8.31438e-05	9.42899
15700200	535	28	86	2	1.07799e-05	1.07799e-05	5.55729
15911000	535	136	132	34	2.39728e-05	2.39728e-05	9.19277
16098800	535	137	32	137	0.000222973	0.000222973	17.3565
16138800	535	140	63	26	8.51417e-06	8.51417e-06	6.32257
16237400	535	112	137	11	0.00022736	0.00022736	17.3632
16292400	535	110	130	21	2.15013e-05	2.15013e-05	6.31812
16349600	535	107	132	4	0.00022809	0.00022809	17.3686
16856600	535	5	14	25	3.49369e-05	3.49369e-05	7.61317
18082200	535	20	3	133	0.000166785	0.000166785	17.4523
18517600	535	9	2	138	0.00012217	0.00012217	17.4733
18670400	535	119	18	3	6.49408e-06	6.49408e-06	3.89961
18773200	535	5	52	1	6.20504e-05	6.20504e-05	17.4856
